0.09734	122.61	113.77	0.69	12.81	0	-2	0	0
0.1007	92.25	89.9	2.34	1.01	1	-1	0	0
0.11041	33.16	34.45	1.47	-0.88	1	1	-1	0
0.14232	59.26	50.58	0.81	10.71	-1	1	-1	0
0.15597	1068.48	981.23	3.29	26.52	0	0	2	0
0.1625	218.37	206.34	7.48	1.61	1	1	-2	0
0.17056	2290.96	2323.23	5.13	-6.28	-1	3	0	0
0.17646	8.64	3.32	0.35	15.19	1	-3	-1	0
0.18385	512.69	456.1	11	5.15	0	2	2	0
0.19467	124.2	125.54	1.26	-1.06	0	-4	0	0
0.19642	90.84	90.47	3.87	0.1	2	2	-1	0
0.198	4497.92	4989.11	124.77	-3.94	-1	-3	-1	0
0.19822	4989.44	5031.47	243.65	-0.17	2	0	-2	0
0.20141	28.22	29.8	1.39	-1.14	-2	2	0	0
0.20623	658.24	704.5	13.32	-3.47	-1	1	-2	0
0.21269	375.12	311.86	18.01	3.51	-2	0	-1	0
0.21296	363.58	352.31	2.16	5.22	1	-3	-2	0
0.22974	881.47	894.35	7	-1.84	-1	1	3	0
0.2339	237.84	226.52	9.96	1.14	2	-2	1	0
0.23396	6.26	7.04	0.38	-2.06	0	0	3	0
0.24795	54.94	38.93	0.91	17.6	1	-3	2	0
0.24945	475.69	448.8	7.32	3.68	0	-4	2	0
0.2534	961.5	976.09	5.9	-2.47	0	-2	3	0
0.25882	81.39	80.69	3	0.23	1	-5	0	0
0.25885	89.33	95.69	2.71	-2.34	2	-4	-1	0
0.26265	30.38	29.96	1.38	0.3	2	-4	0	0
0.26275	28.64	31.93	0.65	-5.07	1	5	-1	0
0.26667	786.04	698.17	12.3	7.14	-2	-2	3	0
0.26748	1910.5	1768.65	8.64	16.42	2	0	2	0
0.26783	1817.41	1778.92	40.98	0.94	-1	3	3	0
0.27744	864.8	841.77	19.27	1.2	1	-1	3	0
0.27767	63.45	58.69	1.36	3.51	1	-5	1	0
0.27783	53.83	39.51	3.13	4.57	2	-4	-2	0
0.28464	1026.48	911.89	15.77	7.27	2	-2	2	0
0.28833	249.93	214.71	8.3	4.25	2	-4	1	0
0.28853	236.55	212.71	4.11	5.8	1	-5	-2	0
0.29199	9001.36	8357.02	104.86	6.14	-3	-3	1	0
0.30083	497.13	462.64	17.21	2	3	-1	1	0
0.30128	553.62	430.46	32.37	3.81	-3	-1	3	0
0.30211	1749.6	1443.1	44.26	6.92	-3	3	0	0
0.3022	600.46	610.11	6.02	-1.6	1	1	-4	0
0.30224	1504.49	1399.29	45.88	2.29	0	6	1	0
0.30234	1677.28	1356.8	53.72	5.97	-3	-3	2	0
0.30436	921.08	945.47	3.29	-7.42	0	4	-3	0
0.30971	1460.75	1586.32	29.33	-4.28	1	3	3	0
0.31007	1652.73	1598.37	8.47	6.42	2	0	-4	0
0.31195	2755.38	3030.32	5.65	-48.66	0	0	4	0
0.31524	699.63	709.35	14.32	-0.68	-1	5	-2	0
0.31549	728.42	673.2	6.51	8.48	2	-4	-3	0
0.32499	914.48	847.91	13.27	5.02	-2	2	4	0
0.32678	352.19	365.09	5.35	-2.41	0	2	-4	0
0.33082	955.78	866.11	28.39	3.16	2	-4	2	0
0.33105	932.39	906.63	42.64	0.6	0	-6	-2	0
0.3311	918.85	911.03	4.35	1.8	1	-5	-3	0
0.33169	116.37	91.29	2.25	11.15	-2	0	-3	0
0.33207	103.43	72.57	1.43	21.58	1	-3	-4	0
0.3382	2744.42	2348.91	53.71	7.36	2	-6	-1	0
0.34568	657.59	591.41	10.41	6.36	2	-2	3	0
0.34762	1158.54	951.58	32.76	6.32	3	-1	2	0
0.35154	152.14	145.26	1.77	3.88	1	-1	4	0
0.3519	90.38	90.39	2.94	0	1	-7	0	0
0.35293	5446.17	4812.34	20.02	31.66	2	-6	-2	0
0.3548	33.96	32.28	0.96	1.74	-1	7	1	0
0.36125	360.61	309.17	3.83	13.43	2	6	1	0
0.36581	779.11	830.98	16.54	-3.14	-1	5	-3	0
0.36599	47.29	40.9	1.01	6.29	-1	7	-1	0
0.36612	845.97	835.08	46.46	0.23	2	4	-4	0
0.36771	311.02	338.86	3.71	-7.5	0	4	-4	0
0.37417	6.57	6.63	0.4	-0.14	0	6	-3	0
0.37429	195.67	189.94	5.59	1.02	1	7	-2	0
0.37687	23.32	22.84	0.82	0.58	-1	1	5	0
0.37753	395.6	372.1	2.79	8.42	-1	3	-4	0
0.37791	435.89	392.91	5.68	7.57	2	0	-5	0
0.38328	51.01	32.52	2.07	8.93	2	-6	-3	0
0.38386	524.26	458.43	8.48	7.76	-3	-5	-1	0
0.3846	583.52	568.34	7.28	2.08	-2	4	-3	0
0.38493	590.56	615.5	7.4	-3.37	1	5	-4	0
0.38934	87.05	94.07	1.07	-6.56	0	8	0	0
0.38993	1699.79	1770.27	4.97	-14.18	0	0	-5	0
0.39025	164.29	156.39	3.57	2.22	-2	2	5	0
0.39525	607.63	658.71	6.39	-8	-1	7	-2	0
0.396	1856.02	1681.49	13.13	13.29	-2	6	-2	0
0.40082	86.12	85.73	2.51	0.15	2	0	4	0
0.40122	81.69	92.04	1.34	-7.73	-1	3	5	0
0.40416	445.3	332.19	14.71	7.69	-3	-1	-3	0
0.40801	742.69	821.58	3.64	-21.64	-1	7	3	0
0.41942	406.13	440.85	4.23	-8.21	0	8	-2	0
0.42426	118.91	123.26	4.81	-0.9	-3	-7	1	0
0.42476	133.17	150.78	4.29	-4.11	1	5	4	0
0.42508	78.32	76.98	2.45	0.55	-2	-8	1	0
0.42511	150.11	146.97	6.14	0.51	-2	4	5	0
0.42593	1509.53	1492	28.42	0.62	2	-6	-4	0
0.42696	3367.29	2912.56	23.84	19.07	-3	-3	-3	0
0.42702	50.57	50.12	1.38	0.33	1	-1	5	0
0.42729	2821.93	2891.72	7.04	-9.91	0	-6	-4	0
0.4276	3410.26	2868.51	66.1	8.2	3	3	-5	0
0.43583	8.87	6.31	0.6	4.27	0	-4	5	0
0.43665	790.64	805.64	21.48	-0.7	1	-7	3	0
0.4369	64.77	54.37	2.44	4.25	2	-8	-2	0
0.44191	106.25	91.95	3.26	4.38	2	-6	3	0
0.44365	219.98	226.72	13.16	-0.51	2	8	1	0
0.44595	25.12	23.8	0.95	1.38	-1	5	5	0
0.4468	2113.05	2199.01	7.55	-11.39	-1	9	0	0
0.44906	8105.04	7131.53	29.44	33.07	2	0	-6	0
0.45187	437.75	443.23	10.82	-0.51	-3	7	-1	0
0.45266	91.46	86.6	1.83	2.65	1	1	-6	0
0.45279	550.01	569.78	5.35	-3.7	1	-7	-4	0
0.45423	938.19	947.4	27.29	-0.34	0	-8	3	0
0.45797	4640.84	4564.37	114.46	0.67	-1	-9	-1	0
0.45949	51	42.28	1.79	4.87	-2	-2	6	0
0.46176	705.68	681.97	30.36	0.78	-2	8	3	0
0.46464	335.66	344.17	6.11	-1.39	1	9	-2	0
0.46792	85.41	82.12	1.33	2.47	0	0	6	0
0.46925	421.56	346.89	11.67	6.4	3	5	3	0
0.46983	396.01	376.18	11.68	1.7	-3	-5	5	0
0.47237	915.21	898.2	6.21	2.74	-2	8	-2	0
0.47271	2031.65	1943.57	9.3	9.47	2	0	5	0
0.47312	1941.36	2007.5	7.95	-8.33	-1	3	6	0
0.47759	421.2	387.19	7.14	4.76	2	-6	-5	0
0.47794	93.88	99.99	2.9	-2.11	0	2	6	0
0.48168	53.39	40.92	1.79	6.97	-1	-9	-2	0
0.48263	95.5	82.09	3.28	4.08	2	-2	5	0
0.48428	1048.7	893.99	18.18	8.51	-3	-7	-2	0
0.48471	1129.04	881.86	19.1	12.94	-3	-7	4	0
0.48668	119.88	126.6	1.76	-3.82	0	-10	0	0
0.48679	2190.37	1806.94	53.55	7.16	3	-3	4	0
0.4871	126.04	133.16	6.21	-1.15	-1	7	-4	0
0.48715	1658.76	1721.06	5.84	-10.66	0	6	-5	0
0.48907	34.56	40.79	1.36	-4.58	-1	5	-5	0
0.48944	56.99	49.52	2.06	3.62	-2	-4	6	0
0.49221	1716.94	1608.37	14.78	7.35	1	-9	-3	0
0.49591	84.75	71.68	2.56	5.11	-2	-6	-4	0
0.49773	899.78	814.21	15.69	5.45	2	-8	-4	0
0.4989	354.73	368.59	6.02	-2.3	0	-8	4	0
0.50327	72.68	71.6	3.88	0.28	1	1	6	0
0.50576	9462.55	7679.08	52.27	34.12	-3	-9	1	0
0.5068	103.89	99.97	2.09	1.88	0	-4	6	0
0.51106	413.13	418.71	16.5	-0.34	0	-10	2	0
0.51123	82.3	86.45	3.3	-1.25	-2	-4	-5	0
0.51148	645.75	580.11	12.15	5.4	2	-8	3	0
0.51161	89.07	77.99	2.24	4.93	-1	-5	6	0
0.51167	1594.08	1367.54	26.22	8.64	-3	9	0	0
0.5118	1649.08	1289.02	33.6	10.72	-3	-9	2	0
0.51572	88.19	91.66	5.16	-0.67	2	10	-1	0
0.5162	1234.35	1381.42	8.69	-16.92	-1	9	-3	0
0.52176	2671.01	2471.01	35.4	5.65	-1	3	-6	0
0.52217	2688.4	2406.87	20.29	13.88	2	0	-7	0
0.52634	360.72	298.3	9.88	6.32	-3	-7	-3	0
0.52686	360.7	325.12	11.16	3.19	-3	-7	5	0
0.52992	85.18	74.85	8.96	1.15	1	-9	-4	0
0.53112	191.9	192.92	3.63	-0.28	-2	10	-1	0
0.53116	72.16	68.85	2.57	1.29	-2	-2	7	0
0.53565	7134.88	6834.7	27.83	10.79	2	-6	-6	0
0.53999	883.91	860.42	8.13	2.89	0	-10	3	0
0.54256	69.86	64.84	2.58	1.95	-1	-11	0	0
0.54259	153.26	158.33	3.61	-1.4	-2	-8	5	0
0.5441	39.71	55.39	2.09	-7.5	-1	7	-5	0
0.54591	832.38	832.58	5.25	-0.04	0	0	-7	0
0.54628	6067.2	6163.63	18.55	-5.2	-2	0	-6	0
0.54635	651.45	610.99	23.86	1.7	2	-10	-3	0
0.5467	6097.61	6208.44	33.83	-3.28	-1	-3	7	0
0.55156	92.41	90.81	2.75	0.58	0	6	6	0
0.5518	57.44	63.71	2.5	-2.51	-1	11	-1	0
0.55534	770.66	770.18	10.14	0.05	-2	10	-2	0
0.55563	1908.77	1895.03	78.97	0.17	-2	6	-5	0
0.55735	189.26	208.24	4.36	-4.35	-1	11	2	0
0.55952	338.92	362.4	13.81	-1.7	1	9	4	0
0.56444	69.77	86.9	2.15	-7.97	1	7	-6	0
0.57163	757.52	672.89	19.37	4.37	1	-11	2	0
0.57577	74.7	64.44	2.34	4.38	1	-9	-5	0
0.57706	735.44	776.02	20.22	-2.01	-2	10	4	0
0.57807	281.02	295.12	2.94	-4.79	0	10	-4	0
0.57998	90.54	87.55	3.17	0.94	1	1	7	0
0.58053	775.16	868.18	10.14	-9.17	1	11	-3	0
0.58896	520.61	514.56	11.18	0.54	2	-10	3	0
0.5892	1325.92	1293.31	17.93	1.82	0	-12	1	0
0.594	3000.22	2654.16	35.61	9.72	-3	9	-3	0
0.59446	3253.59	2613.3	33.89	18.89	-3	-9	5	0
0.59609	197.79	174.26	8.14	2.89	-1	3	-7	0
0.59651	191.08	169.27	3.62	6.02	-2	0	8	0
0.59827	2392.92	2336.07	15.93	3.57	-2	6	7	0
0.601	760.12	776.64	32.32	-0.51	-1	11	-3	0
0.6044	109.72	80.65	4.42	6.58	2	2	-8	0
0.60448	675.62	712.29	12.62	-2.91	0	12	-2	0
0.60578	96.04	72.71	3.1	7.53	1	-7	6	0
0.60591	249.51	232.27	4.43	3.89	1	1	-8	0
0.60843	2162.75	2159.58	15.93	0.2	-2	12	1	0
0.60872	91.65	89.25	2.2	1.09	0	-8	6	0
0.60978	6684.15	6566.64	22.3	5.27	1	-9	5	0
0.61215	453.75	432.37	10.51	2.03	-3	-11	-1	0
0.61241	84.35	70.19	7.71	1.84	2	8	5	0
0.61282	646.93	585.45	8.74	7.03	-1	-11	4	0
0.61618	143.74	131.3	4.42	2.81	-2	-10	5	0
0.61674	4111.2	4214.69	205.06	-0.5	-2	12	2	0
0.6187	724.16	762.32	19.56	-1.95	3	3	6	0
0.6191	723.47	817.03	38.72	-2.42	0	-6	7	0
0.61943	5805.42	5906.32	26.24	-3.85	-2	6	-6	0
0.62093	424.6	436.17	6.25	-1.85	-2	0	-7	0
0.62135	423.57	415.93	6.56	1.16	1	3	-8	0
0.62154	312.5	300.34	23.01	0.53	2	-12	1	0
0.62389	1976.76	2107.12	9.25	-14.09	0	0	8	0
0.62708	86.67	88.54	2.32	-0.81	-1	-5	-7	0
0.62747	94.46	78.56	3.49	4.56	2	4	-8	0
0.628	1892.11	1906.29	136.54	-0.1	1	-9	-6	0
0.62851	265.49	245.14	10.8	1.88	-2	2	-7	0
0.63144	490.82	486.79	4.95	0.81	0	-2	8	0
0.63645	928.03	895.73	16.84	1.92	-3	-11	-2	0
0.6386	122.82	149.06	2.53	-10.37	-1	-11	-4	0
0.6388	82.17	82.41	2.26	-0.11	-1	-13	0	0
0.64235	1471.69	1446.95	10.86	2.28	-2	12	-2	0
0.65073	222.88	231.93	4.59	-1.97	2	4	7	0
0.65113	256.78	238.99	5.08	3.5	1	-5	-8	0
0.6514	184.66	165.81	4.07	4.63	-1	-13	2	0
0.65356	460.61	457.34	18.88	0.17	0	4	-8	0
0.65699	735.72	726.54	7.74	1.19	-1	-1	-8	0
0.66123	1222.15	1211.05	96.48	0.12	2	-12	-4	0
0.66211	2333.46	2515.76	24.07	-7.57	0	12	4	0
0.66367	559.13	579.57	14.85	-1.38	1	13	2	0
0.66415	159.67	148.37	4.29	2.63	-2	6	8	0
0.66541	2401.18	2325.93	47.56	1.58	1	-9	6	0
0.66901	346.88	339.48	12.25	0.6	3	11	3	0
0.67134	785.11	707.13	8.17	9.55	-1	-13	3	0
0.67163	90.12	93.18	3.23	-0.95	2	12	3	0
0.67454	561.42	480.91	15.46	5.21	-3	-1	-7	0
0.67513	99.85	89.87	2.3	4.34	0	10	-6	0
0.67869	770.04	709.76	22.35	2.7	2	-2	-9	0
0.68135	76.09	70.56	2.33	2.37	0	-14	0	0
0.683	832.94	811.92	17.03	1.23	1	1	-9	0
0.68514	5224.12	5701.8	35	-13.65	1	9	-7	0
0.68616	420.42	425.77	13.6	-0.39	2	-6	7	0
0.68844	2202.84	1982.89	40.1	5.49	3	3	7	0
0.68885	2049.76	2010.05	19.29	2.06	0	-6	8	0
0.68913	661.74	726.67	23.03	-2.82	1	13	3	0
0.69341	200.55	214.02	5.49	-2.45	1	-7	-8	0
0.69562	330.61	370.12	6.55	-6.03	-2	12	5	0
0.69631	1371.64	1248.97	13.75	8.92	2	0	8	0
0.69673	1322.77	1252.86	16.19	4.32	1	3	-9	0
0.69892	731.11	728	40.13	0.08	1	-5	8	0
0.69898	412.36	406.15	17.04	0.36	0	-14	-2	0
0.69932	771.78	686.33	13.56	6.3	2	4	-9	0
0.69946	493.98	501.11	9.6	-0.74	1	-13	-4	0
0.70223	1403.97	1581.66	18.29	-9.72	0	12	-5	0
0.70308	818.23	809.02	10.6	0.87	2	2	8	0
0.7086	782.57	768.77	7.89	1.75	0	-2	9	0
