1.8010002374649	0.00633873401584045
1.79730451107025	0.00634354425381763
1.87248235940933	0.00633431243411853
2.0058628320694	0.00633495720425446
2.1144939661026	0.00633084221813278
2.21028602123261	0.00633000486564415
2.31623041629791	0.00632638902783418
2.41902577877045	0.00632330558020733
2.5192312002182	0.00632390188999994
2.62616693973541	0.00632275744093882
2.73432326316834	0.00631854463087952
2.83790671825409	0.00631633710602708
2.95080769062042	0.00631592038753194
3.05576062202454	0.00631304689852202
3.17336308956146	0.00631283773185549
3.27935719490051	0.00631109657254222
3.39165759086609	0.00631048077669153
3.50219190120697	0.00631140156284964
3.61353802680969	0.0063110463106702
3.72362434864044	0.00630911692386566
3.8241935968399	0.00631266557119517
3.94281911849976	0.00630723221906536
4.0557701587677	0.00630569926201773
4.17573571205139	0.00630851527252655
4.29389810562134	0.00630493826483705
4.40375399589539	0.0063026449423334
4.519775390625	0.0063043283900182
4.63127064704895	0.00630128171165846
4.75044870376587	0.00630153084731026
4.86960053443909	0.00630586596439666
4.98168110847473	0.00629796647896331
5.09589099884033	0.0063060427916006
5.22405934333801	0.00630028548407613
5.34129905700684	0.00630260241321157
5.45556426048279	0.0062986116772166
5.5743248462677	0.00629832349794637
5.69646573066711	0.0062996512037194
5.8173406124115	0.00630841199189065
5.9322669506073	0.00630350055463249
6.052485704422	0.00630094428344761
6.17538285255432	0.00630137876748874
6.29651021957398	0.00630082624451995
6.41938138008118	0.00631167058867306
6.54451656341553	0.0063015379095778
6.67319583892822	0.00629708554768935
6.79353189468384	0.00629898140696373
6.90804553031921	0.00629682299174559
7.02169895172119	0.00630591237753625
7.15108132362366	0.0062973837560551
7.27168560028076	0.00629544875817323
7.39246821403503	0.0062980743341443
7.51300096511841	0.00630091470862067
7.63155698776245	0.00631002252197482
7.75551104545593	0.00629902377790013
7.88208699226379	0.00630049575873631
7.99991869926453	0.00630279987215532
8.11664819717407	0.00629577477621744
8.2372145652771	0.00630904528926839
8.3672080039978	0.00629767716216945
8.50007343292236	0.00629973285513116
8.61634016036987	0.00629882481729534
8.73884057998657	0.00630118944245439
8.86825752258301	0.0063017152056247
8.98565769195557	0.00629920775882779
9.11192321777344	0.00630042717029584
9.23338460922241	0.00630818181807087
9.34729957580566	0.00629987939792385
9.47530794143677	0.006306263986636
9.602294921875	0.00629780305727424
9.72600412368774	0.00630530649232367
9.85037183761597	0.00630503538001316
9.97689294815063	0.00630667915198982
10.1028833389282	0.00630140118838281
10.2293586730957	0.00630237167389586
10.3533191680908	0.00630092472087369
10.4804100990295	0.00630517714557318
10.6028089523315	0.00630082878092778
10.729558467865	0.00630590745642904
10.8641381263733	0.00630542812110606
10.9799947738647	0.00630641668848125
11.1040325164795	0.0063049262697038
11.2284440994263	0.00630641453948253
11.3436970710754	0.00630751928518715
11.4724020957947	0.00630536132879306
11.6034436225891	0.00630761055146292
11.7276072502136	0.00630900915497574
11.8548216819763	0.00630658509604777
11.979688167572	0.00630794992501162
12.1007466316223	0.00631182853653286
12.2232933044434	0.00630924933898609
12.3507061004639	0.00631405302730253
12.4777245521545	0.00631610228872393
12.5972275733948	0.00630885554384308
12.7174963951111	0.00631533843537187
12.8512125015259	0.00631289181793051
12.9831876754761	0.00631456313733179
13.0991058349609	0.00631228244856698
13.2261548042297	0.00631494265735483
13.356288433075	0.00631481710575919
13.4761075973511	0.00631776205840642
13.6042151451111	0.00631668843391461
13.7302708625793	0.00632085337769722
13.8603625297546	0.00632057292032884
13.984872341156	0.00632106042495235
14.1111993789673	0.0063174034511755
14.239077091217	0.00632036303134953
14.3527336120605	0.00632181226133909
14.4795956611633	0.00632278129874517
14.6137871742249	0.00631892498754016
14.745617389679	0.00632212370133997
14.8648371696472	0.00632378872739773
14.9924387931824	0.00632257493165278
15.1149954795837	0.00632563373170808
15.2426381111145	0.00632719244505633
15.3821716308594	0.00632855003504835
15.5505228042603	0.00632548141400237
15.7313771247864	0.00632924641114263
15.8968968391418	0.00633130093100796
16.0464553833008	0.00632903055171808
16.1733455657959	0.00632933013629271
16.2919006347656	0.00633183990905424
16.430721282959	0.00633327409268467
16.5485057830811	0.00633376371350911
16.6765127182007	0.00633561658042586
16.7996225357056	0.00633720483251485
16.92946434021	0.0063361009480677
17.0607805252075	0.00633616928326516
17.1873340606689	0.00633707838881427
17.3115797042847	0.0063385130491054
17.4511156082153	0.0063354893170606
17.5740375518799	0.00634065757646707
17.7049551010132	0.00633993472493251
17.8337802886963	0.00634051588369146
17.9676246643066	0.00634312348992695
18.0843954086304	0.00634432183171444
18.2164726257324	0.00634518081527755
18.3536529541016	0.0063466643692455
18.4739923477173	0.00634878796786835
18.6005096435547	0.00634793332080601
18.7300205230713	0.00635116571881491
18.8475866317749	0.00634828129715987
18.9864063262939	0.00635220295195513
19.1141633987427	0.0063514476948278
19.2439212799072	0.00635382272240386
19.3736381530762	0.00635435816871238
19.5027618408203	0.00635543575325669
19.6308221817017	0.00635560113265798
19.7573852539062	0.0063553821121106
19.8819885253906	0.00636045590856361
20.0102672576904	0.00635739578873508
20.1402721405029	0.00636060093121537
20.2611799240112	0.00635992166653192
20.3835411071777	0.00636206134327629
20.5188341140747	0.0063603866449467
20.653377532959	0.00636424240259375
20.7758808135986	0.00636381840133284
20.9057331085205	0.00637003466043446
21.0326232910156	0.00636866523783587
21.1626033782959	0.00637735801817309
21.2917795181274	0.00636926036784422
21.4205408096313	0.00637346116784004
21.5446147918701	0.00637384303451646
21.6711282730103	0.0063731583806722
21.800799369812	0.00637446074329904
21.930926322937	0.00637701924537275
22.0676155090332	0.0063798843268388
22.1803855895996	0.00637932242394204
22.3101558685303	0.00638106016508228
22.4386367797852	0.00638425255996953
22.5791187286377	0.00638480744939633
22.7148380279541	0.00638489104842846
22.8449974060059	0.00638873044454264
22.9928369522095	0.00638651718814184
23.1226625442505	0.0063894868527874
23.2445850372314	0.00639103115621206
23.3707714080811	0.00638950958873969
23.4930934906006	0.00639531677801804
23.6237010955811	0.00639406123191722
23.7604331970215	0.00639791708480512
23.8791437149048	0.00639604278268052
23.9920825958252	0.00639853744246092
24.1189393997192	0.006401088001855
24.2496747970581	0.00640215056334959
24.3807516098022	0.00640465451183551
24.5085229873657	0.00640730123476472
24.6381492614746	0.00640888220662079
24.7662630081177	0.006409142114624
24.9019746780396	0.00641120524220635
25.0455780029297	0.00641030190672788
25.1879053115845	0.0064128612206871
25.3119010925293	0.00641477290983629
25.4329433441162	0.00641615744331495
25.5669441223145	0.006422601324936
25.6955003738403	0.00641748186089726
25.8100652694702	0.00642502362619885
25.9227676391602	0.00642559109401103
26.0401773452759	0.00643140095612348
26.1692409515381	0.0064303022295903
26.2967615127563	0.00642757922604096
26.4238519668579	0.00643246421718276
26.5466403961182	0.00643356131899743
26.6822462081909	0.0064379941693103
26.8034763336182	0.00643783563443736
26.9389610290527	0.00643750846090646
27.0716524124146	0.00644248688020607
27.2011432647705	0.00644657830250082
27.3259363174438	0.00644310149375811
27.4497661590576	0.00644621974813073
27.578784942627	0.00645407971565701
27.6970129013062	0.00645085973452026
27.8304090499878	0.00645352805658835
27.9630346298218	0.00645517977472144
28.0892210006714	0.00646043692376838
28.2166080474854	0.00645887457146129
28.3463010787964	0.00646224873913208
28.4750089645386	0.0064631286081144
28.5992755889893	0.00646567124184167
28.727668762207	0.00646839867859065
28.852029800415	0.00647123702029978
28.9799356460571	0.00647442548738549
29.117148399353	0.00647521175195972
29.2473554611206	0.00647997550269196
29.371036529541	0.00647744643516154
29.4954319000244	0.00648486122082831
29.6259708404541	0.00648694171732573
29.7524871826172	0.00648898614748174
29.8848886489868	0.00649175554199453
30.0180225372314	0.00649341027299818
30.1462125778198	0.00649330832573365
30.2776355743408	0.00649703124334433
30.4042358398438	0.00649940697156009
30.533522605896	0.00650504305977187
30.6720037460327	0.00650358190630493
30.7903671264648	0.00650858395375123
30.9186153411865	0.00651117074955342
31.0488777160645	0.00651371981218075
31.1661996841431	0.00651918270602999
31.2944765090942	0.00651934592543744
31.4302425384521	0.00652067861083798
31.5605030059814	0.00652351503561544
31.6804313659668	0.00652482192702286
31.8171453475952	0.00653497386693541
31.9450426101685	0.00653159843888127
32.0690021514893	0.00653228461262307
32.1994972229004	0.00653768746108172
32.330057144165	0.00654041879271666
32.4571285247803	0.00654442669337886
32.5891666412354	0.00654346900528728
32.7197189331055	0.00655113677551117
32.8487205505371	0.00655324532048342
32.9773368835449	0.00655614320937128
33.105432510376	0.00656042002682177
33.232250213623	0.00656130593670316
33.3611259460449	0.00656628863003064
33.4847869873047	0.00656566507702624
33.6144561767578	0.00657124786334687
33.7453670501709	0.00657538883945942
33.8771781921387	0.00657822739869547
34.0027084350586	0.00657990465390316
34.130823135376	0.0065835136989131
34.2612113952637	0.00658624780570863
34.3916835784912	0.00658842118718047
34.5263214111328	0.00659501909205238
34.652193069458	0.00659610210762041
34.7763080596924	0.00660164879889594
34.9057807922363	0.00660116554417858
35.0291576385498	0.00660532733916778
35.1685619354248	0.00660966700743022
35.2930603027344	0.00661396942967223
35.4246158599854	0.00661752228914674
35.5479984283447	0.00662386751262394
35.6767616271973	0.006623513265699
35.8097038269043	0.00663387428923989
35.9300212860107	0.00663638727519703
36.0606689453125	0.00663358241864092
36.191686630249	0.00663746527102782
36.3261318206787	0.0066429970138515
36.4601402282715	0.00664534363387064
36.6045589447022	0.00665115257793244
36.7365875244141	0.00665404443592005
36.8707084655762	0.00665761768263866
36.9866981506348	0.00666303251344883
37.1072425842285	0.00666436714512939
37.2283496856689	0.00667258768259429
37.3669853210449	0.0066739365212672
37.4958381652832	0.00667730645429141
37.6173229217529	0.00668274655468549
37.7410526275635	0.00668589203161826
37.8840503692627	0.00668807890263354
38.0066814422607	0.00669766348527611
38.1352081298828	0.00669690804588317
38.2647285461426	0.0067028718811875
38.3846912384033	0.00670421788426433
38.5141162872314	0.00671090732899924
38.6533851623535	0.0067133454837657
38.7775592803955	0.00671937854693061
38.908992767334	0.00672278129345886
39.0340042114258	0.00672512514914089
39.1628799438477	0.00673267538542193
39.2936973571777	0.00673457233274534
39.4209880828857	0.00674117905544745
39.551887512207	0.00674496222454474
39.6832237243652	0.00674846761887928
39.8078956604004	0.0067515497803161
39.9523773193359	0.00675969342220351
40.0676860809326	0.00676236243765583
40.1948890686035	0.00676785558146176
40.3323802947998	0.00677297804594039
40.451135635376	0.00677625558626632
40.5910682678223	0.00678274851066118
40.7227592468262	0.00678716455012999
40.8374271392822	0.00679226518265241
40.9826583862305	0.00679858992268316
41.1064453125	0.00679821898030056
41.2245635986328	0.00680641420205917
41.349702835083	0.00681001361199053
41.4742374420166	0.00681534125900142
41.6195030212402	0.00682282769707536
41.7446613311768	0.00682453422351547
41.8744449615479	0.00683112833607387
42.0051937103271	0.00683520051588545
42.1363964080811	0.00684493205640012
42.2678146362305	0.00684804110455438
42.3986263275146	0.00685076553538179
42.5238723754883	0.00686134650967082
42.6535968780518	0.00686243871615987
42.7925930023193	0.00686889449751027
42.91135597229	0.00687070403503473
43.034029006958	0.00687894123811385
43.1732215881348	0.00688419009926813
43.3055648803711	0.0068860765273424
43.428731918335	0.00689647676757297
43.5673694610596	0.00689912564525716
43.6859340667725	0.00690666848447748
43.8170223236084	0.00691104330024364
43.9487915039063	0.00691747871882211
44.0744552612305	0.00692126708159155
44.2038154602051	0.00693348684423645
44.3353080749512	0.00693371232210087
44.4594593048096	0.0069417900798057
44.5841636657715	0.0069498754281242
44.7279052734375	0.00695350325272916
44.8742771148682	0.00695871773013852
45.0020084381103	0.0069770099930067
45.1171588897705	0.00697100802829902
45.2489604949951	0.00697771335515573
45.374906539917	0.00698214600489535
45.5021057128906	0.00699004479686012
45.6373100280762	0.00699509487441858
45.7668323516846	0.0070014304514165
45.8868522644043	0.00701057204272231
46.0134201049805	0.00701253142916393
46.1384544372559	0.00702158404384477
46.275899887085	0.00702724903625809
46.4123306274414	0.00703276039293388
46.5372447967529	0.00704076028677031
46.6681652069092	0.00704533054205355
46.7977104187012	0.00705480528320972
46.9304885864258	0.0070634142056186
47.0590534210205	0.0070697482940849
47.1892395019531	0.00707360420463317
47.3273448944092	0.00708177722969399
47.4575424194336	0.00708837318219716
47.5804290771484	0.00709259817987354
47.7103786468506	0.00710244974519333
47.8330783843994	0.00710975418081643
47.973819732666	0.00711440638883399
48.1001358032227	0.00712216662739128
48.234899520874	0.00713223389088416
48.3581428527832	0.0071383838246935
48.4897804260254	0.00714375432845989
48.6166667938232	0.00715242355003934
48.743314743042	0.00716370859467876
48.8755168914795	0.00716461313664353
49.0062732696533	0.00717310568156779
49.1295204162598	0.00718418866378163
49.2669525146484	0.00719042587967869
49.3918952941895	0.00719807412523024
49.5175895690918	0.00720658362280843
49.6513347625732	0.0072113561340785
49.7829933166504	0.00722035484870303
49.8992671966553	0.00722996027066265
50.038028717041	0.00723873301672545
50.168773651123	0.00724544470500274
50.3039283752441	0.00725220706594312
50.4380836486816	0.00726215348976741
50.5754928588867	0.00726946253083038
50.7045879364014	0.00727649019211899
50.831974029541	0.00728945322149732
50.9660015106201	0.00729500317144947
51.0900211334229	0.00730216706845617
51.2183475494385	0.00731100883527331
51.3418464660645	0.00731717848511721
51.4766044616699	0.00733100851274692
51.6072959899902	0.00733682454141652
51.7362403869629	0.00734624270323252
51.8598194122314	0.00734719743195688
51.9888706207275	0.00735699211094436
52.1209354400635	0.00736826670165311
52.2481479644775	0.00737987794833418
52.379602432251	0.00738979781626854
52.5111980438232	0.00739658691279972
52.6428451538086	0.00740824181664887
52.7667407989502	0.0074181234956576
52.9029293060303	0.00742733049506164
53.0291213989258	0.00743486043283595
53.1593379974365	0.00744588663988777
53.2846984863281	0.00745462657848138
53.4240760803223	0.00746321047777314
53.551736831665	0.00747206916786675
53.6810569763184	0.00748417271226633
53.813455581665	0.00749584848495634
53.9270896911621	0.00751038698460813
54.0540962219238	0.00751558738837598
54.1938533782959	0.00752334013723525
54.3269100189209	0.00753795557896346
54.4563140869141	0.00754115244163472
54.599157333374	0.00755750614257025
54.7247447967529	0.00756593170110246
54.8442268371582	0.00757542508132361
54.9765243530273	0.00758780254831661
55.1188888549805	0.00759328888953167
55.2518711090088	0.00760728365504859
55.3820858001709	0.00762072378064047
55.5112228393555	0.00763239693032134
55.6352462768555	0.00764165013360869
55.7647514343262	0.00765030454505137
55.8960494995117	0.00765996600747878
56.0233154296875	0.00767345190176335
56.1556816101074	0.00768555685166006
56.2781658172607	0.00769594074715081
56.424861907959	0.00770718110018886
56.5747108459473	0.00771846797008815
56.6934070587158	0.00772838339407817
56.8208084106445	0.00774662116226911
56.9489631652832	0.0077545662104527
57.0923614501953	0.00771692702468805
57.2012672424316	0.00772255800540176
57.326587677002	0.00773117715421749
57.4568271636963	0.00774291948067608
57.5874366760254	0.00775761228863674
57.7103157043457	0.00777296646121948
57.8428783416748	0.00778126432874316
57.9790878295898	0.00779642442955015
58.1053657531738	0.00780463619917207
58.2452087402344	0.00781793911374908
58.3639602661133	0.00783234227901163
58.4968776702881	0.00784682181329801
58.6206817626953	0.00785821893779903
58.7597808837891	0.00787100675638307
58.8835468292236	0.00788707294192631
59.0135955810547	0.00789862725802192
59.1455974578857	0.00791024516583401
59.2684745788574	0.00792690348027644
59.4031562805176	0.00793986739337773
59.5333824157715	0.00794875457063721
59.6600131988525	0.00796845376168269
59.7997360229492	0.00798212528543255
59.9364891052246	0.00799586620450829
60.0651264190674	0.00801099047867795
60.2050380706787	0.0080237828033966
60.3247184753418	0.00803704328066182
60.4559135437012	0.00805586006124554
60.5861701965332	0.00807054541429714
60.7110424041748	0.00808815316812248
60.8409805297852	0.00810476639007036
60.9731559753418	0.00811772717998176
61.1014900207519	0.00814216002290916
61.2258911132813	0.00814758862349145
61.3623142242432	0.00816346588766262
61.4874973297119	0.00817903540290365
61.6210994720459	0.00819994205626444
61.7571640014648	0.00821582842760117
61.8841285705566	0.00822882720389048
62.0141887664795	0.00825166196573843
62.1464252471924	0.00826658321675003
62.2699737548828	0.00828507486310109
62.3952102661133	0.0083014330951543
62.5451965332031	0.00832048752281404
62.6643352508545	0.00834376283587171
62.7939624786377	0.00835579729329179
62.9239807128906	0.00837708755524504
63.0519580841064	0.00839579466770005
63.1906490325928	0.00841107215930583
63.3111419677734	0.00843556592897863
63.4420909881592	0.00845551256994031
63.5670204162598	0.00847734668383311
63.7021427154541	0.00849166637192598
63.8411273956299	0.00851476405349293
63.9691200256348	0.00853915549793688
64.0988159179688	0.00855700397424502
64.2228660583496	0.00857709483242373
64.349739074707	0.00860042873257289
64.4893798828125	0.00862674594841379
64.6195755004883	0.00864926928264865
64.7463073730469	0.00867040001740501
64.8837852478027	0.00869556860120054
65.009952545166	0.00872024438175066
65.1417694091797	0.00874371864162627
65.2742004394531	0.0087698266946465
65.4030151367187	0.00879533381542538
65.5353507995606	0.00882898234261658
65.6670684814453	0.00885117569808848
65.7931213378906	0.0088769723215809
65.9229927062988	0.00890930870267927
66.0488815307617	0.00893654637277942
66.1786308288574	0.00896587521141141
66.3477096557617	0.0090008627936432
66.5026016235352	0.00902622252549895
66.6143569946289	0.00905872216988395
66.7385559082031	0.00908602993018519
66.8826332092285	0.00910984653061361
67.0067710876465	0.00913556356549642
67.1337585449219	0.00917218574297882
67.2540283203125	0.00918588767778735
67.3799476623535	0.00921482516675647
67.5124282836914	0.00923687823640442
67.6442337036133	0.00925684334220269
67.7775764465332	0.00927984368078545
67.9065895080566	0.00929496571032293
68.0285835266113	0.00931484678931147
68.1457023620605	0.00933739610677885
68.2842216491699	0.00935083813077912
68.4092559814453	0.00936980552960743
68.5470542907715	0.00938274893247901
68.6691017150879	0.00939931326285747
68.8028030395508	0.00941372329937982
68.9276695251465	0.0094250112560876
69.0591621398926	0.0094377554800161
69.1948776245117	0.00944689923755067
69.3227081298828	0.00946320034267036
69.450382232666	0.00946864693486277
69.5824432373047	0.00947925204426816
69.7210578918457	0.00948454873455663
69.8401641845703	0.00949218787837162
69.9774208068848	0.0095024113910027
70.1034355163574	0.00950459556643244
70.2334403991699	0.00951083730719112
70.3645629882813	0.00951560038449247
70.4891586303711	0.00952448800298631
70.6226768493652	0.0095229154735043
70.7596130371094	0.00952619178726241
70.8851318359375	0.00952588436417174
71.0148086547852	0.0095308483056675
71.1480979919434	0.00953598328688428
71.2802505493164	0.00953518992155208
71.4124298095703	0.00953817527194469
71.5407447814941	0.00953662788922724
71.666576385498	0.00953227614278557
71.7981109619141	0.00954165394023069
71.9306182861328	0.00953301509841525
72.0544967651367	0.00953928194200382
72.1938362121582	0.00953854971307044
72.3218078613281	0.00953451348609737
72.4543380737305	0.00953457919356936
72.5871086120605	0.0095343576395534
72.7067337036133	0.009534007285833
72.8366851806641	0.00953092233849718
72.9703102111816	0.0095305503272207
73.0988883972168	0.00952712182106865
73.2406539916992	0.00952843550098026
73.3646621704102	0.00952857624989671
73.4881248474121	0.00951710091060452
73.629508972168	0.00951827688065679
73.763370513916	0.00951130269654168
73.8962669372559	0.00951324278480456
74.0260925292969	0.00951356323938305
74.1534957885742	0.00950423004611352
74.2838935852051	0.00950041392878675
74.4094924926758	0.00949894780866763
74.5485305786133	0.00949381076844435
74.6836853027344	0.00949324710084792
74.8211288452148	0.00948556252497715
74.9568977355957	0.00948368379189258
75.0878219604492	0.00947437169160496
75.213134765625	0.00946649856741057
75.3429298400879	0.00945893639750023
75.4731864929199	0.00945773545245697
75.6034049987793	0.00945030749487553
75.7330703735352	0.00944248412785833
75.856861114502	0.00943871747529524
75.986686706543	0.00942938884329723
76.1215934753418	0.00942182713209767
76.2495918273926	0.00941479520226745
76.3728675842285	0.00940702064866568
76.504940032959	0.00940299133822794
76.6415023803711	0.00939107940453191
76.7726058959961	0.00938620686174253
76.8982048034668	0.00938227184519206
77.0303268432617	0.009368323661983
77.1615867614746	0.00936482404613613
77.2937850952148	0.00935927201347697
77.4099960327148	0.00934912474996216
77.554012298584	0.00934041915784473
77.6783294677734	0.00933940230862161
77.8090744018555	0.00931880363209276
77.9442253112793	0.00931680424689103
78.0681877136231	0.00930701607570934
78.2094230651855	0.00930791397946181
78.3286972045898	0.00929680415690319
78.461368560791	0.00929395343079505
78.5873947143555	0.00928755835086956
78.7192306518555	0.00928183906804656
78.8539428710937	0.00927236233670547
78.981388092041	0.00926691095633757
79.1252174377441	0.00925360422284161
79.2555465698242	0.00924731702999316
79.3978843688965	0.00923912641279566
79.5206336975098	0.00923222654798668
79.6521072387695	0.00922515030309639
79.7807159423828	0.00921998026806871
79.9118766784668	0.00921824235242363
80.061840057373	0.00914319867040391
80.1683082580566	0.00913044592820351
80.291618347168	0.00911801965683151
80.4303359985352	0.00911827545154358
80.5590209960937	0.00910637346482964
80.6846923828125	0.00910491068148382
80.8179359436035	0.0090998495512171
80.9547462463379	0.00908542416349919
81.0801124572754	0.00908259460625088
81.2127838134766	0.0090737443528381
81.3404731750488	0.00906856438037732
81.4731521606445	0.00906046985432307
81.6059188842773	0.00905132696657999
81.7391242980957	0.0090447076410787
81.8713035583496	0.00903664122382817
81.9969635009766	0.00902951534119702
82.1168937683105	0.00902176406748199
82.2539253234863	0.00901672577046905
82.382453918457	0.00900404691303907
82.5079727172852	0.00899852434162709
82.6486892700195	0.0089899345707856
82.7796440124512	0.00898962103707645
82.9159545898438	0.00898290538966169
83.0386848449707	0.0089672154528246
83.1819801330566	0.00896934583907281
83.3053283691406	0.00895575591231497
83.4388885498047	0.00894780880885211
83.5666961669922	0.00894161966258855
83.7024536132813	0.00893775019939779
83.8303756713867	0.00893655662062721
83.9641952514648	0.0089206864293651
84.0959739685059	0.00890802028085806
84.2298545837402	0.00890753324693305
84.3699989318848	0.00890085953011047
84.4971466064453	0.00889063338702154
84.6296157836914	0.00888458170744103
84.7579803466797	0.00888113921153648
84.8874092102051	0.00887655588414116
85.0235710144043	0.00885745901577469
85.1505317687988	0.00885524605282157
85.2888679504394	0.00884869245382133
85.4173240661621	0.00883819569894343
85.5565299987793	0.00883802758599707
85.6822738647461	0.00882818458720669
85.8163337707519	0.00882498451370805
85.9470748901367	0.00881495156130051
86.081298828125	0.00881020337798766
86.2154197692871	0.0087981894350136
86.349178314209	0.00878574728353157
86.4823455810547	0.00878815256659591
86.6146240234375	0.00878122000055363
86.743350982666	0.00877241176399711
86.8760719299316	0.00876675473324833
87.0036468505859	0.00875928836648127
87.134334564209	0.00875636158555331
87.2746887207031	0.00874315655934744
87.4048767089844	0.0087402199342671
87.5365333557129	0.0087337860611486
87.6737823486328	0.00872299503687343
87.8018074035645	0.00871859083577334
87.9289817810059	0.00871415562322809
88.0631980895996	0.00870359922227361
88.202693939209	0.00868996124774693
88.3432006835938	0.00868942985676601
88.4643402099609	0.00867914281739665
88.600414276123	0.00867359287869965
88.7471504211426	0.00866379842527564
88.8849868774414	0.00866554900017956
89.0151748657227	0.00865581119532905
89.1463356018066	0.00864506449845761
89.286434173584	0.008642052118198
89.4187965393066	0.00862702846699491
89.5407981872559	0.00862630585955835
89.6732330322266	0.00861865657457868
89.8045425415039	0.00861229644823053
89.9310073852539	0.00859931430851133
90.0541038513184	0.00859753289419733
90.1894264221191	0.00858844380343608
90.3206329345703	0.00858692457866265
90.4524307250977	0.00857488632754488
90.5865440368652	0.00856856399165845
90.7236747741699	0.00855957224781664
90.8507118225098	0.00855097277879892
90.9877548217773	0.00855043059164402
91.1174583435059	0.00854254390477175
91.2496337890625	0.00853064848653962
91.3834991455078	0.00853224896830807
91.5217742919922	0.0085171704857462
91.6608543395996	0.00851577957462559
91.7887992858887	0.00850959855190228
91.9293670654297	0.0085018827626826
92.0727157592773	0.00849550081326673
92.2010345458984	0.00848299608954295
92.3436470031738	0.00847893680913189
92.4758186340332	0.0084679228098995
92.60009765625	0.00846954076989198
92.7300567626953	0.00845852669768417
92.8593063354492	0.00845133538871779
92.9906730651855	0.00844820898816359
93.1208038330078	0.00843812169051378
93.2460327148438	0.00842744650377168
93.3776473999023	0.00842080092771054
93.5110931396484	0.00841301087741994
93.6351623535156	0.00840543351507954
93.7736663818359	0.00840525013722988
93.9034233093262	0.0083938600109404
94.0376358032227	0.00839438815187022
94.1644515991211	0.00838192143092509
94.2913589477539	0.00837901536101916
94.4265823364258	0.00837197423904213
94.5617599487305	0.0083588068095182
94.6955986022949	0.00835632447109266
94.8289756774902	0.00834579280878726
94.9624176025391	0.00833853190908491
95.0969581604004	0.00833743152187489
95.2113952636719	0.00832997411837389
95.3388328552246	0.0083184169717514
95.4863548278809	0.00831534587422011
95.6333465576172	0.0083054190756073
95.7941131591797	0.00830192708732795
95.9516563415527	0.00829578316153049
96.1007385253906	0.00828793427885124
96.2448425292969	0.00828026564337927
96.3634948730469	0.00827468556079546
96.4779052734375	0.00826732494675262
96.6046562194824	0.00825945757150826
96.734977722168	0.0082574415464236
96.8572006225586	0.00824832707639972
96.9848213195801	0.00824242884909972
97.1173858642578	0.0082330780950561
97.2388648986816	0.00822726771641273
97.3627243041992	0.00822009375811652
97.4986228942871	0.00821105423340004
97.6486053466797	0.00815469035668652
97.759708404541	0.00813994000644458
97.8918495178223	0.00813233058972992
98.0224342346191	0.00812508149360809
98.1496276855469	0.00811629584849615
98.2932052612305	0.00811775268372629
98.4385986328125	0.00810107166917763
98.5673484802246	0.00810274087233729
98.7138786315918	0.00809439163622843
98.8710556030273	0.00808241634528409
99.016845703125	0.008078902779555
99.1548538208008	0.00807688409160827
99.3101387023926	0.00806342222969423
99.4484481811523	0.00806174640144234
99.5720443725586	0.00805282227902228
99.6867637634277	0.00804339511608037
99.8091087341309	0.00803481716563216
99.9375877380371	0.00803785592631186
100.057765960693	0.00802910654395044
100.182353973389	0.00802207197391032
100.3034324646	0.00801499150501645
100.430950164795	0.00801175944717267
100.55912399292	0.0079999005411274
100.682861328125	0.00799462077233204
100.814239501953	0.00798884542754148
100.946510314941	0.00798617394514249
101.064647674561	0.00797397754779018
101.201057434082	0.00797023462638665
101.327175140381	0.00795985085550386
101.46875	0.00795828291597176
101.600212097168	0.00795294363335538
101.72437286377	0.00794558349438213
101.849674224854	0.00793882700679804
101.987487792969	0.00793148971425963
102.117336273193	0.0079248149294191
102.254848480225	0.00791705831237936
102.381511688232	0.00791152280115575
102.51704788208	0.00790767597647431
102.650856018066	0.00790333998730809
102.783470153809	0.00789772717554133
102.912494659424	0.00788265077774692
103.042953491211	0.0078746625873271
103.177005767822	0.00787050641203808
103.311264038086	0.00786734308841834
103.436756134033	0.00785685770736067
103.569683074951	0.00785784527732114
103.702629089355	0.00785092091897072
103.838981628418	0.00784078588578759
103.97318649292	0.00783634715402376
104.1037940979	0.00782925811137405
104.237976074219	0.00782140572189487
104.371753692627	0.00781526304748408
104.499412536621	0.00781178840233996
104.632358551025	0.00780654595803924
104.767356872559	0.00780082798755272
104.897525787354	0.00779639202549901
105.025131225586	0.00778399305257934
105.160003662109	0.00778415080825679
105.300800323486	0.00776851758676209
105.456260681152	0.00776683679608323
105.599479675293	0.00776287901356217
105.747844696045	0.00775524704185208
105.901081085205	0.00775046439253325
106.036327362061	0.00774173117283222
106.178104400635	0.00773925612457126
106.295719146729	0.0077270370174127
106.409252166748	0.00772879318119802
106.537063598633	0.00772012928850612
106.667018890381	0.0077070465391265
106.793514251709	0.00770506297437435
106.922077178955	0.00769772710961582
107.064876556396	0.00769679195938972
107.200942993164	0.00768588117665201
107.324962615967	0.00768002747405505
107.456123352051	0.00767414406702673
107.585998535156	0.00767089456228461
107.711944580078	0.00766381519345349
107.837886810303	0.00765936009117818
107.963081359863	0.00765126673958775
108.091876983643	0.00764305456290777
108.238849639893	0.00763565143449751
108.399963378906	0.00763621425026195
108.5432472229	0.00762722740254341
108.676639556885	0.00762088329897262
108.797435760498	0.00761710897107641
108.919326782227	0.0076111615748457
109.048854827881	0.00760193633782502
109.179092407227	0.00760013363023362
109.314571380615	0.00759221163851026
109.448566436768	0.00758489897355104
109.576309204102	0.00758401133495405
109.700485229492	0.00757384423384211
109.825416564941	0.00756933365272496
109.952842712402	0.00756451327940883
110.082317352295	0.00755490095357294
110.205509185791	0.00755292406296159
110.358829498291	0.0075453213088428
110.491916656494	0.00753994130510858
110.623138427734	0.00753809384219755
110.747505187988	0.0075272724080865
110.88809967041	0.00752334039283956
111.01091003418	0.00751556834167368
111.145610809326	0.00751296039421951
111.271793365479	0.00750667410466074
111.404918670654	0.00750458859039955
111.538188934326	0.00749410254692424
111.666938781738	0.00748552844452591
111.793888092041	0.00748056779028228
111.933185577393	0.00747511185604675
112.067043304443	0.0074723291759494
112.200843811035	0.00746266042691698
112.332611083984	0.00745771743536549
112.485809326172	0.00740441580609705
112.595691680908	0.00738954799035077
112.727333068848	0.00738471818859385
112.856357574463	0.0073796797218978
112.989986419678	0.00737533808448136
113.1243019104	0.00736632800171858
113.258811950684	0.00736705300128806
113.394828796387	0.00735430700998998
113.524250030518	0.00735096454581748
113.650520324707	0.00734637853216178
113.784404754639	0.00733891141572185
113.912239074707	0.00733637626148693
114.057079315186	0.00732683146276916
114.187282562256	0.00732528821450321
114.326385498047	0.00731639200114944
114.452602386475	0.00731365549681702
114.586547851562	0.00730953384920149
114.714153289795	0.0073026562772299
114.84642791748	0.00730008001251782
114.980751037598	0.00728429508505184
115.111003875732	0.00728410448210506
115.238742828369	0.00728215874050323
115.381488800049	0.00727707554766034
115.507556915283	0.00726716950130646
115.640472412109	0.00726571374125216
115.76819229126	0.00725441521334464
115.913024902344	0.00725556544277185
116.045120239258	0.00724805936302088
116.172462463379	0.00724363823180571
116.30005645752	0.0072424237061777
116.434421539307	0.00722960208409544
116.574691772461	0.00722391413797373
116.703125	0.00722086076848616
116.835620880127	0.00720914116662943
116.970310211182	0.00720977424597791
117.101711273193	0.0072026499877357
117.228862762451	0.00720031277172205
117.357173919678	0.00719839104325324
117.51685333252	0.00719630437309911
117.666172027588	0.00718663651959935
117.809017181396	0.00717749196745942
117.953853607178	0.00717424977476027
118.107120513916	0.00716827451057108
118.250389099121	0.00716208669251098
118.378520965576	0.00716167417823337
118.503910064697	0.00715483817607765
118.634330749512	0.00715078073886066
118.759101867676	0.0071421683899537
118.884586334229	0.00713525589107314
119.006996154785	0.00713271039628656
119.13370513916	0.00712685490655725
119.274070739746	0.00712387695261336
119.391498565674	0.00711644298805998
119.520301818848	0.00711048886325659
119.640686035156	0.0071076619804624
119.770530700684	0.00709853351751674
119.908210754395	0.00709462842445089
120.032703399658	0.00708880208950978
120.165992736816	0.0070852007057577
120.298561096191	0.00708225934472134
120.430606842041	0.00707367234773037
120.569034576416	0.00706809283861702
120.694675445557	0.00706358094554512
120.826251983643	0.00705934720688372
120.93123626709	0.00705314866991081
121.084686279297	0.00704576271460848
121.217937469482	0.00704158263510301
121.356426239014	0.00703928405517497
121.483428955078	0.00703264433019391
121.617576599121	0.00702709798364717
121.748611450195	0.00701974717319256
121.882640838623	0.00701611124073712
122.016830444336	0.00701613557293535
122.144309997559	0.0070074519401784
122.271980285645	0.00700006386016047
122.41662979126	0.00700175729676502
122.55627822876	0.00699463105088471
122.687213897705	0.00698583652159822
122.813163757324	0.00698077051045852
122.938842773437	0.00697807891047972
123.083301544189	0.00697220914852884
123.214912414551	0.00696890827964396
123.344131469727	0.00696031662977224
123.474315643311	0.00695746449544193
123.625259399414	0.00695177568332943
123.761451721191	0.00694457799713985
123.887176513672	0.00694281841758429
124.018478393555	0.00693871090559619
124.136798858643	0.00693209821487725
124.268035888672	0.00692986474558026
124.409717559814	0.00692014798260777
124.533336639404	0.00691371840541932
124.669868469238	0.00691457596812792
124.799228668213	0.00690815545990813
124.938583374023	0.00690578579711813
125.067222595215	0.00689841569466372
125.207118988037	0.00689458755614773
125.340225219727	0.00688810609516496
125.47301864624	0.00688814325365899
125.629215240479	0.00683167146640314
125.732666015625	0.00682699180089114
125.86510848999	0.00682171715015086
125.992004394531	0.00681229225533383
126.133411407471	0.00680537608046246
126.260025024414	0.00680306791487781
126.407127380371	0.00679649710557211
126.542591094971	0.00679477666954244
126.673221588135	0.00678604558540182
126.805583953857	0.00678463416494331
126.939971923828	0.00677562835496019
127.095363616943	0.00677519092896633
127.249530792236	0.00677063523240096
127.396816253662	0.00676444384386629
127.534004211426	0.00675892788423662
127.661018371582	0.00675384032683996
127.81746673584	0.00675276889504892
127.952758789062	0.00674628024564934
128.094062805176	0.0067413510207234
128.221580505371	0.0067388397279512
128.373023986816	0.0067303377042826
128.526000976562	0.00673003976078442
128.643127441406	0.00672614385756537
128.760368347168	0.00672114300338168
128.880798339844	0.006712174367443
128.994140625	0.00670641759818835
129.124961853027	0.00670942051304475
129.247833251953	0.00670225628539966
129.367637634277	0.00669264471430983
129.497756958008	0.00669139145330483
129.613059997559	0.00668936213781411
129.752372741699	0.0066846828369316
129.880554199219	0.00667823823773349
130.012924194336	0.0066728765842305
130.129524230957	0.00666703369221039
130.259696960449	0.0066665304455373
130.395988464355	0.00665884013458517
130.527046203613	0.00665431102385361
130.658828735352	0.00664922616000557
130.786865234375	0.00664625139388711
130.906326293945	0.006640476048971
131.039360046387	0.00663487948856899
131.190032958984	0.00663245147176359
131.324806213379	0.00662934737221533
131.451164245605	0.00662116900688549
131.595474243164	0.00662117149924772
131.724082946777	0.00661417116672599
131.853057861328	0.00660949613078717
131.98917388916	0.00660697995411453
132.121795654297	0.00660355512010776
132.258041381836	0.0065952001450302
132.412483215332	0.00659651275685259
132.569274902344	0.00658761583662236
132.717895507812	0.00658584583930385
132.864952087402	0.00658098960641241
133.008010864258	0.00657494556156633
133.138526916504	0.00656874279547178
133.262817382812	0.00656674482522799
133.39134979248	0.00656158805504663
133.530143737793	0.00655712150593545
133.657333374023	0.00655310240148112
133.782173156738	0.00654877977646223
133.905532836914	0.00654669956542467
134.021827697754	0.00653847275152553
134.15699005127	0.00653731184602568
134.273399353027	0.00653640737759843
134.403106689453	0.00652526555079098
134.531120300293	0.00652098468856913
134.660179138184	0.00651619581578822
134.794021606445	0.00651523454791506
134.917060852051	0.00651116678670479
135.056266784668	0.00650731731721656
135.187278747559	0.00650042664537904
135.325622558594	0.00649705099699181
135.448524475098	0.00649144404995377
135.575569152832	0.00648815406471828
135.71215057373	0.00648388959306788
135.842735290527	0.00648178583452215
135.968162536621	0.00647859796707238
136.097946166992	0.00647577092165957
136.231010437012	0.00646870777003605
136.363571166992	0.00646215054570156
136.495895385742	0.00646091151041875
136.627960205078	0.00645329077539088
136.755241394043	0.00645070005314058
136.886123657227	0.00644731597463685
137.003723144531	0.00644525208514658
137.134498596191	0.00643496406030644
137.284248352051	0.00643678696680784
137.411476135254	0.00643193172598332
137.559005737305	0.00638382083404572
137.678077697754	0.00637652102717727
137.812278747559	0.00637101522811354
137.944427490234	0.00636399519315944
138.078575134277	0.00636362248844564
138.209815979004	0.00635497793768862
138.337516784668	0.00635018604937005
138.470855712891	0.00634837070763049
138.605224609375	0.00634611225712241
138.731430053711	0.00634177747016519
138.864990234375	0.00633695275506345
139.004760742188	0.00633490063583536
139.130554199219	0.00632803396979971
139.265106201172	0.00632822366103379
139.401916503906	0.00632041245037251
139.536064147949	0.00631663069407007
139.671073913574	0.00631313204584286
139.801116943359	0.00630713731146213
139.932266235352	0.00630435649136037
140.067070007324	0.00630108140689364
140.201797485352	0.00629497530887198
140.335815429688	0.00629008060304499
140.468399047852	0.00628769958561543
140.590324401855	0.0062876113060956
140.73509979248	0.0062823971108812
140.85831451416	0.00627704366919845
141.00456237793	0.0062732359147842
141.131225585938	0.00627243907738856
141.266464233398	0.00626532072845495
141.3955078125	0.00626333667104666
141.526718139648	0.00625524461660153
141.661529541016	0.00625316214033052
141.793029785156	0.00625050915933178
141.928764343262	0.00624433345399125
142.063423156738	0.00624336480484852
142.195793151855	0.00624091700217808
142.329734802246	0.00623220328881031
142.461769104004	0.0062319990663595
142.587684631348	0.00622343451585185
142.721298217773	0.00622389558905757
142.858573913574	0.0062208760008632
142.987045288086	0.00621361481945097
143.129005432129	0.00621024056647432
143.25023651123	0.00621205810057131
143.379776000977	0.00620313278343017
143.513969421387	0.0062025943851816
143.647560119629	0.00619568139010268
143.78337097168	0.0061941545164368
143.91886138916	0.00618934553764942
144.045875549316	0.00618800388311151
144.186950683594	0.00617837230746562
144.323188781738	0.00617248042432021
144.448692321777	0.00617695392326533
144.583099365234	0.0061689050611266
144.719291687012	0.006165380140026
144.84928894043	0.00616047107692726
144.985885620117	0.00615503897667706
145.118980407715	0.00615396072097914
145.253280639648	0.00614970435081803
145.380889892578	0.00614352417936746
145.508567810059	0.00614302365423734
145.643966674805	0.00614091871762164
145.77961730957	0.00613561714278735
145.914360046387	0.00613406834077149
146.040710449219	0.00612433910316602
146.176528930664	0.00612493866361004
146.305191040039	0.00611825126085599
146.443016052246	0.00611508636494408
146.577690124512	0.00611378503895058
146.709365844727	0.00610926712640945
146.843978881836	0.00610715209814837
146.977348327637	0.00610135433108006
147.105033874512	0.00610027833070067
147.23787689209	0.00609409841260876
147.372367858887	0.00609207712771401
147.502815246582	0.00608617547564766
147.637260437012	0.00608343210810167
147.767616271973	0.00607881429033022
147.888824462891	0.00607795444066053
148.032379150391	0.00607147133910159
148.160354614258	0.00606882527819191
148.29615020752	0.00606532281857888
148.429740905762	0.00606278630308908
148.58763885498	0.00601732047681521
148.703094482422	0.00600964967559896
148.83667755127	0.00600551210350618
148.969604492187	0.00600376363531687
149.109512329102	0.00599769122718334
149.233352661133	0.00599748874173181
149.368125915527	0.00598830083109376
149.509658813477	0.00598909089972183
149.635147094727	0.00598436517362723
149.770454406738	0.00597676532113281
149.885864257813	0.00597730789164034
150.018463134766	0.00597300917415132
150.166084289551	0.00596851803979782
150.300979614258	0.00596771259833425
150.435409545898	0.00596218059741051
150.566291809082	0.00596127287360477
150.694976806641	0.00595467161636591
150.823524475098	0.0059517158116343
150.958564758301	0.00594861327072293
151.105895996094	0.00594193927725087
151.243209838867	0.00594075249282273
151.39128112793	0.00594338126181272
151.561546325684	0.00593463700079616
151.699287414551	0.0059298914616634
151.817665100098	0.00592568227570557
151.945152282715	0.00592484214364873
152.072257995605	0.00592189068639237
152.222457885742	0.0059191117810864
152.337310791016	0.00591277390368285
152.46166229248	0.00591225383170711
152.584045410156	0.00590639471530407
152.713539123535	0.00590211784965275
152.848602294922	0.00590204145703142
152.988357543945	0.00589772657644724
153.10383605957	0.00589466449325209
153.230285644531	0.00589092635556291
153.36238861084	0.00588396512385571
153.495010375977	0.00588233217598473
153.628044128418	0.00587865356336775
153.770629882813	0.00587450927892321
153.887512207031	0.00587080284171109
154.019500732422	0.00586980166287547
154.153205871582	0.00586438030090123
154.282516479492	0.00586069678565685
154.40926361084	0.00585736140835855
154.549057006836	0.00585807924675834
154.679847717285	0.00585083263002115
154.816177368164	0.00585053346244265
154.938972473145	0.00584920447832526
155.096519470215	0.00583892762695969
155.239501953125	0.00583753331116139
155.364158630371	0.00583762007100011
155.495903015137	0.00583345866353207
155.628128051758	0.00582883597703475
155.757713317871	0.0058271838788517
155.88419342041	0.00582274882368132
156.02498626709	0.00581976669429593
156.154693603516	0.00581389547672175
156.283630371094	0.00581035027988943
156.413887023926	0.00580628046850411
156.547302246094	0.005806118108983
156.68098449707	0.00580353376424124
156.813774108887	0.00579911554106348
156.941284179687	0.00579634748347045
157.06689453125	0.00579433973738587
157.194725036621	0.00578980823603225
157.33504486084	0.00578791930021644
157.473022460938	0.0057860945592187
157.603538513184	0.00578037220373459
157.736038208008	0.00577890789284526
157.874336242676	0.00577004156234742
158.004997253418	0.00576896860106934
158.143814086914	0.00576730092630755
158.274848937988	0.00576228137571059
158.403358459473	0.00575859707218735
158.537437438965	0.00575590642419582
158.664810180664	0.00575376183228299
158.824485778809	0.00571264282209392
158.92456817627	0.00570259737897074
159.060913085938	0.00570073090107276
159.194702148438	0.0056971213397239
159.325592041016	0.00569623556173786
159.460388183594	0.00568871960015939
159.594093322754	0.00568764967663615
159.729667663574	0.00568366160538962
159.860946655273	0.00568289693614492
159.996994018555	0.00567670864100015
160.13159942627	0.00567360042963075
160.265129089355	0.00567225986653947
160.407264709473	0.0056690406516624
160.542915344238	0.00566754686544687
160.669509887695	0.00566395538977327
160.802909851074	0.00565841005138072
160.936668395996	0.00565815599490829
161.070434570313	0.00565150280343917
161.203140258789	0.00565270489752406
161.329429626465	0.00564485917637317
161.46883392334	0.00564217688131488
161.593139648438	0.00564028105319429
161.723777770996	0.00563804032213086
161.859199523926	0.00563302914864983
161.997360229492	0.00562992024654372
162.120445251465	0.00562817218697773
162.253196716309	0.00562568931725906
162.39714050293	0.00562349272930364
162.545349121094	0.00561931660213357
162.673927307129	0.00561760701992609
162.803405761719	0.00561514276158809
162.928024291992	0.00560995687439062
163.06224822998	0.00560771736560495
163.215339660645	0.00560421920635661
163.346244812012	0.00560025524938236
163.477882385254	0.00559897741338756
163.620010375977	0.00559573109549325
163.763694763184	0.00559417403755975
163.90355682373	0.00558702825482642
164.049934387207	0.00558541541777351
164.181304931641	0.00558169337199064
164.31330871582	0.00557809042934829
164.450614929199	0.00557632573675677
164.589996337891	0.00557004053497147
164.743125915527	0.00556946567437101
164.897216796875	0.0055669728666577
165.043403625488	0.00556555447943777
165.157051086426	0.00556232862407716
165.271842956543	0.00555766088082451
165.395584106445	0.00555431385565318
165.522438049316	0.00555487007115445
165.648277282715	0.00554928772035702
165.773239135742	0.00554682284717635
165.914360046387	0.0055430288564787
166.027603149414	0.00554177188394798
166.153137207031	0.00553867260925372
166.283020019531	0.00553634434460978
166.413803100586	0.0055315414741353
166.537666320801	0.00552663760590853
166.669891357422	0.00552559294845904
166.806503295898	0.00552170491580037
166.925773620605	0.00552057389037815
167.058700561523	0.0055212125573945
167.194427490234	0.00551506488656468
167.338539123535	0.00551303126691069
167.465301513672	0.00551018808841631
167.595115661621	0.00550477206661545
167.729057312012	0.00550383057149774
167.85652923584	0.00550204222969804
167.988471984863	0.00549771089236745
168.116683959961	0.00549161083381897
168.249954223633	0.00549216200334637
168.382820129395	0.00548743471692858
168.530715942383	0.00544788895179388
168.643211364746	0.00544085794783358
168.780418395996	0.00543826240016324
168.910652160645	0.00543725804049148
169.044143676758	0.00542736236130272
169.177764892578	0.00543064479312344
169.302574157715	0.00543047319058729
169.435592651367	0.00542246693208131
169.575981140137	0.00542226643117686
169.705192565918	0.00541732999597517
169.833541870117	0.00541684981532497
169.967163085938	0.00541204275832754
170.110984802246	0.00541043469734747
170.243347167969	0.00540606080278532
170.378814697266	0.0054052412123594
170.506271362305	0.00540172120532501
170.633941650391	0.00539998411940446
170.767417907715	0.00539431701299473
170.9013671875	0.00539420690728147
171.03540802002	0.00538965846318922
171.16828918457	0.00538972631756491
171.307136535645	0.00538729968799759
171.441474914551	0.00538422667783756
171.572883605957	0.00537816404667407
171.706527709961	0.005376005391101
171.835502624512	0.00537407720809869
171.974418640137	0.00536880572445826
172.11905670166	0.00536951165603932
172.254287719727	0.00536468200165098
172.384895324707	0.0053615806942364
172.510551452637	0.00535935177850574
172.64673614502	0.00535713951727458
172.772529602051	0.0053507855528818
172.905433654785	0.00535252510153397
173.035079956055	0.00534846672086808
173.172500610352	0.00534768424116536
173.299865722656	0.00534402732505452
173.427490234375	0.00534350491727158
173.561210632324	0.00533761390133958
173.700202941895	0.00533497650439038
173.83317565918	0.0053328184514016
173.967254638672	0.00533223798708506
174.100616455078	0.00532792033702582
174.234275817871	0.00532360608348197
174.372886657715	0.00531979464184147
174.504997253418	0.00531905055617343
174.64395904541	0.00531482094793764
174.76782989502	0.00531201921543733
174.900756835938	0.0053117346511102
175.018951416016	0.00530789288827652
175.187614440918	0.00530885929142598
175.315071105957	0.00530317127399374
175.441505432129	0.00529957455662648
175.571983337402	0.00529938974534304
175.703842163086	0.00529613543251289
175.833572387695	0.0052917007173043
175.96501159668	0.00529118802662889
176.09553527832	0.00528498665210327
176.222961425781	0.00528453901302979
176.346031188965	0.00528156466277574
176.48176574707	0.0052795979730597
176.620811462402	0.00527819363069635
176.752044677734	0.00527362194986151
176.880729675293	0.00527286893240286
177.01976776123	0.00526839164495877
177.149185180664	0.00526598751366173
177.28076171875	0.00526489458489833
177.411041259766	0.00526087370948057
177.538803100586	0.00526037375162636
177.704986572266	0.00521917959693076
177.803863525391	0.00520966235720035
177.938758850098	0.00521096422860518
178.072975158691	0.00520862980245259
178.214988708496	0.00520469639984632
178.338905334473	0.00520536530610883
178.47469329834	0.00519917716118053
178.609336853027	0.00519816670201254
178.743385314941	0.00519525583101344
178.871208190918	0.00519290254072463
178.999534606934	0.00519061966645612
179.137985229492	0.005187789388863
179.275077819824	0.00518661877645465
179.406204223633	0.00518033214021359
179.539810180664	0.0051798602579637
179.687530517578	0.00517378555024782
179.81957244873	0.00517765526172558
179.960426330566	0.00516566374311182
180.089073181152	0.00517386495708675
180.217041015625	0.00516840814802715
180.348838806152	0.00516609164462142
180.481689453125	0.00516343515056592
180.620109558105	0.00516259854445634
180.75146484375	0.00515792741528766
180.88191986084	0.00515220176927566
181.014427185059	0.00515522876795987
181.139747619629	0.0051509354879582
181.279472351074	0.00514650814452444
181.402885437012	0.00514534652566506
181.541488647461	0.00514303937704172
181.670204162598	0.00514276363288203
181.793685913086	0.0051360607649039
181.94019317627	0.00513665085034948
182.064331054687	0.00513300414569947
182.192413330078	0.00513190414555055
182.334197998047	0.00512600138669197
182.461921691895	0.00512830282486468
182.605628967285	0.00512312776321028
182.732933044434	0.00512073811600357
182.865829467773	0.00511909362895903
182.996253967285	0.00511617046318106
183.124008178711	0.00511525965968633
183.257759094238	0.00511317139569035
183.40446472168	0.00510972587793015
183.570899963379	0.00510474581747177
183.72420501709	0.00510364401640434
183.858657836914	0.00510153987531174
183.996315002441	0.00509947902599223
184.13459777832	0.0050959725338983
184.274513244629	0.00509429999282122
184.429016113281	0.0050921389882754
184.572509765625	0.00508687963431661
184.702011108398	0.00508438123972885
184.811111450195	0.00508311641292956
184.937507629395	0.00507981577892765
185.067756652832	0.00507887351531367
185.189895629883	0.00507715974230848
185.309989929199	0.00507696218714402
185.438087463379	0.00507064055904004
185.566543579102	0.00506921431334436
185.695465087891	0.00506762276654454
185.818534851074	0.00506392376460331
185.947410583496	0.00506389142196311
186.092407226562	0.00506041259037247
186.217277526855	0.00505724531288148
186.359672546387	0.00502009290539508
186.486419677734	0.00501618875333371
186.60962677002	0.00501279767641924
186.732597351074	0.00500837008006352
186.863899230957	0.00501172238783519
186.998443603516	0.00500246501638457
187.131828308105	0.0050044376432135
187.272666931152	0.00500224072879184
187.391189575195	0.00499731384135444
187.522598266602	0.00499526801814237
187.656646728516	0.00499433456976105
187.787460327148	0.00498942764986999
187.92115020752	0.00499031193736244
188.063316345215	0.00498611636531982
188.175010681152	0.00498530819497032
188.307342529297	0.00498528561933558
188.441383361816	0.00498130880359442
188.587394714355	0.00497839495042392
188.712921142578	0.00497828524464139
188.84741973877	0.00497177904081443
188.979942321777	0.00496955083719265
189.112823486328	0.00496579858950026
189.245460510254	0.00496628987043961
189.374443054199	0.0049650331417193
189.504524230957	0.004960640316369
189.638618469238	0.00495774797405188
189.779907226562	0.0049575445554189
189.913925170898	0.00495552398881025
190.043121337891	0.00495421566269986
190.179161071777	0.0049518566574218
190.305938720703	0.00494632202824388
190.445365905762	0.00494399481033956
190.59481048584	0.00494631652309879
190.715110778809	0.00493852632395637
190.845329284668	0.00494040300384001
190.969970703125	0.00493559223875824
191.104621887207	0.00493221062909528
191.230812072754	0.00493280949348161
191.363227844238	0.00493181733982517
191.507179260254	0.0049298069474989
191.636878967285	0.00492541309991501
191.758911132813	0.00492453075749358
191.893127441406	0.00492077364024563
192.034255981445	0.00491583682993086
192.168151855469	0.00491439033791777
192.30167388916	0.0049146686835674
192.434547424316	0.00491403503678784
192.563285827637	0.00491062663400358
192.695259094238	0.00490815639244519
192.830909729004	0.00490473210978593
192.958847045898	0.00490284672400987
193.091949462891	0.00490040860155042
193.22802734375	0.00489783530209563
193.35823059082	0.00489489967802565
193.485466003418	0.00489483584319127
193.623413085938	0.00489329186276246
193.771522521973	0.00489051410828636
193.898765563965	0.00488728137542827
194.032081604004	0.00488902493734551
194.165756225586	0.00488207576624188
194.296356201172	0.00488338107408359
194.430061340332	0.00487900697583294
194.562942504883	0.00487719040105489
194.716773986816	0.00484284442146529
194.833114624023	0.0048373062195827
194.969444274902	0.00483194430048464
195.10139465332	0.00483031643878954
195.232154846191	0.00482969554197605
195.363334655762	0.004824545331269
195.483871459961	0.00482645000766001
195.615417480469	0.00482222911609735
195.75106048584	0.00481838612202844
195.891891479492	0.00482015525042724
196.021423339844	0.00481599933373587
196.152290344238	0.00481327242976518
196.288475036621	0.00481181921998971
196.411499023438	0.00480930295727264
196.54914855957	0.00480943683766486
196.682861328125	0.00480543778432407
196.814895629883	0.00480342664500118
196.944137573242	0.00480008926287517
197.078468322754	0.00479965471346103
197.215507507324	0.00479935353936859
197.349655151367	0.00479153436778358
197.479362487793	0.00479320946748526
197.612648010254	0.00479155244016357
197.747428894043	0.00478773794769047
197.882171630859	0.00478803480570812
198.016479492187	0.00478409848342782
198.149742126465	0.00478199069900882
198.277236938477	0.0047793593253914
198.409873962402	0.00477805672560238
198.545997619629	0.0047750998622036
198.684196472168	0.00477397607493905
198.81209564209	0.00477180149787213
198.946105957031	0.00476840034689317
199.068344116211	0.00477057962772176
199.20556640625	0.00476543210592992
199.343673706055	0.00476451649154523
199.482757568359	0.00476232195506664
199.611396789551	0.00475904289461142
199.745742797852	0.00475746488535853
199.87329864502	0.00475588832410076
200.005950927734	0.0047518432755817
200.141258239746	0.00475158285166924
200.272994995117	0.00475081417306154
200.407783508301	0.00474625677075002
200.542465209961	0.00474312379832283
200.676071166992	0.00474574466007567
200.822151184082	0.00474047320494654
200.962684631348	0.00474018699840583
201.085784912109	0.00473820082247905
201.219367980957	0.00473476529064805
201.352195739746	0.00473068920850752
201.491744995117	0.00473009278962724
201.617408752441	0.00472993269372983
201.746032714844	0.00472568062336475
201.878028869629	0.00472269369369919
202.018501281738	0.00472281505173721
202.155364990234	0.00471881920856597
202.300437927246	0.00471825973476866
202.437324523926	0.00471688137777997
202.56322479248	0.00471553307690646
202.707733154297	0.00467869864505571
202.819694519043	0.00467570726778342
202.951835632324	0.00467453827282617
203.084503173828	0.0046691526111102
203.209121704102	0.00466831124087046
203.341896057129	0.00466651411922375
203.476570129395	0.00466346214478663
203.604354858398	0.00466264315783174
203.739524841309	0.00466242513542952
203.873657226562	0.00465818732408536
204.004959106445	0.00465838313268817
204.13232421875	0.00465259387557875
204.265396118164	0.00465569169968509
204.399551391602	0.00465022686344774
204.530647277832	0.004645060905089
204.651481628418	0.00465094002406962
204.785133361816	0.00464824346311565
204.926055908203	0.00463890699189954
205.059288024902	0.00464026857038704
205.194236755371	0.00463667441022348
205.31640625	0.00463472349987838
205.457534790039	0.00463509193685692
205.58757019043	0.00463291542873517
205.724586486816	0.00463240563143676
205.856712341309	0.00462972014638704
205.988998413086	0.00462654111295057
206.129081726074	0.004624973478737
206.256126403809	0.00462360917986396
206.398918151855	0.00462367244105337
206.537818908691	0.00461762141233654
206.664505004883	0.00461705031213871
206.797874450684	0.00461524945452174
206.926445007324	0.00461327560744564
207.053558349609	0.00461062298179222
207.190338134766	0.00460806088557983
207.335418701172	0.00460705969963879
207.478492736816	0.00460626563182972
207.632751464844	0.00460606548766056
207.773994445801	0.00460227129738469
207.90478515625	0.00460001079520819
208.033416748047	0.00460085829764448
208.154388427734	0.00459579023611899
208.284492492676	0.0045962559949346
208.414916992187	0.00459006172056987
208.552238464355	0.00459410094457522
208.673545837402	0.0045891260850633
208.805442810059	0.00458700691307528
208.930374145508	0.00458617360956649
209.067779541016	0.00458400462359672
209.194892883301	0.00458346826052524
209.322189331055	0.00457874045213304
209.458374023438	0.00457835733388276
209.593254089355	0.00457568241585882
209.71849822998	0.00457695325318923
209.842384338379	0.00457266574423568
209.97811126709	0.00457184381767536
210.107421875	0.00456893413671991
210.245094299316	0.00456488346848734
210.402717590332	0.00453345116293924
210.515907287598	0.00452534607034417
210.650703430176	0.00452607592297901
210.771339416504	0.00452614617122508
210.916519165039	0.0045233087774348
211.049430847168	0.00452233316499656
211.178497314453	0.00452069738434794
211.303382873535	0.00451713251085602
211.43782043457	0.00451837093633214
211.574348449707	0.00451498691520822
211.704292297363	0.00450978621970293
211.839096069336	0.00450876089732244
211.970764160156	0.00450868693256953
212.114776611328	0.00450603965680145
212.250785827637	0.00450241116002876
212.370574951172	0.00450257132147127
212.499549865723	0.00450135488947993
212.637809753418	0.00449744669868958
212.772529602051	0.00449949892170142
212.903518676758	0.00449193189054721
213.050498962402	0.00449383845446676
213.209327697754	0.00449178819397012
213.35277557373	0.00449084473521968
213.497077941895	0.00448920925692518
213.644927978516	0.00448719332618678
213.799690246582	0.00448428662848288
213.93758392334	0.00448306678994718
214.092864990234	0.00447916696244504
214.238159179687	0.00447829965787584
214.377586364746	0.00447371816253926
214.528923034668	0.00447908779915776
214.676361083984	0.00447585570904433
214.811988830566	0.00446890660086914
214.930076599121	0.00446844334002445
215.064041137695	0.0044674557667466
215.165313720703	0.0044679523794427
215.28685760498	0.00446319757965576
215.409759521484	0.00446253830041399
215.524673461914	0.004461705652492
215.650520324707	0.00446039324443653
215.768547058105	0.0044556593978923
215.897994995117	0.0044563041325654
216.022750854492	0.00445151489584424
216.148735046387	0.00445436828616605
216.268920898438	0.00444868495435195
216.393074035645	0.00444961205771043
216.522560119629	0.004449651032819
216.658950805664	0.00444570630147171
216.785827636719	0.00444129555248759
216.910842895508	0.0044439485544481
217.041915893555	0.00443862909205011
217.179801940918	0.0044385054678836
217.306678771973	0.00443525466897879
217.43733215332	0.00443625404184993
217.556831359863	0.00443355090233364
217.690216064453	0.0044316141063332
217.870307922363	0.00440143835193836
217.979110717773	0.00439206986752833
218.111381530762	0.00439240939952521
218.251976013184	0.00439339336028602
218.371017456055	0.00438730365759517
218.499496459961	0.00438681001838542
218.632400512695	0.00438263261093609
218.765670776367	0.00438666544685495
218.898696899414	0.00437881782159426
219.030052185059	0.0043817438644462
219.165130615234	0.00437817320906795
219.290557861328	0.00437405653290104
219.417709350586	0.00437459565305145
219.548835754395	0.00437443428849249
219.688865661621	0.00437066497120535
219.817390441895	0.00437258309314381
219.951049804687	0.00436688993026474
220.088928222656	0.00436690881324521
220.214378356934	0.00436334516234089
220.34880065918	0.00436213200151641
220.489593505859	0.00435854770170767
220.617401123047	0.00435737547771869
220.750938415527	0.00435903247673105
220.887451171875	0.00435867845953794
221.026840209961	0.00435779790347065
221.164184570313	0.00435203724812978
221.292839050293	0.0043520744729037
221.444610595703	0.00435234402836717
221.566009521484	0.00434747669623882
221.696716308594	0.00434439053406117
221.833038330078	0.00434403464045852
221.959609985352	0.0043448524174814
222.090141296387	0.00434013207457359
222.22297668457	0.00434021761901449
222.346900939941	0.00433657527899945
222.479072570801	0.00433655383875878
222.618087768555	0.00433825385479425
222.745643615723	0.00433335520774263
222.876182556152	0.00433186103730136
223.00634765625	0.00433161362977456
223.14542388916	0.0043280016344677
223.284507751465	0.00432479273849086
223.418060302734	0.00432590417885176
223.551780700684	0.00432148424681205
223.682945251465	0.00431924785129946
223.816093444824	0.00431741093250629
223.947288513184	0.00431754386193647
224.072418212891	0.00431336383277547
224.200691223145	0.00431675882288931
224.34366607666	0.00431182434869499
224.476455688477	0.00431455798286337
224.604225158691	0.00431225520849583
224.746032714844	0.00430660183705943
224.867790222168	0.00430778810695642
225.009963989258	0.00427667381845706
225.139801025391	0.004268471371857
225.266868591309	0.00427021559541739
225.401435852051	0.00426727977783993
225.534568786621	0.00426554615625073
225.668487548828	0.00426603636325251
225.801490783691	0.00426123022254284
225.93009185791	0.00426094405204202
226.073219299316	0.00426195221960033
226.216201782227	0.00425629782480488
226.344741821289	0.004258612879836
226.475128173828	0.00425259241704594
226.603691101074	0.00425025882841176
226.742904663086	0.0042509465340519
226.86311340332	0.00424843352900297
227	0.00424912055295772
227.126907348633	0.00424581377345998
227.265647888184	0.00424858454603469
227.3935546875	0.0042413849641891
227.533355712891	0.00424474674715083
227.670547485352	0.00423830998332226
227.811340332031	0.00423853705755365
227.944183349609	0.00423598183102851
228.076095581055	0.00423657874877528
228.216552734375	0.00423227664946691
228.339012145996	0.00423263601562166
228.47021484375	0.00423182747350756
228.597122192383	0.00422901083478064
228.730812072754	0.00422460646611198
228.856590270996	0.00422582875217643
228.990791320801	0.00422592101439256
229.120002746582	0.00422265619817262
229.253044128418	0.00422150957542988
229.394760131836	0.00422037864681371
229.52481842041	0.00421800838438113
229.653099060059	0.00421468959493495
229.789039611816	0.0042148994159942
229.923446655273	0.00421217113756706
230.054580688477	0.00421515780745588
230.182121276855	0.00421000164641885
230.329086303711	0.00420943599444903
230.455505371094	0.00420996236902655
230.589241027832	0.00420619797793764
230.718635559082	0.00420495731590293
230.848419189453	0.00420444857183995
230.972518920898	0.00420194733048977
231.11449432373	0.00419907178897757
231.250099182129	0.00419669168307261
231.379638671875	0.00419902822488358
231.508041381836	0.00419577261045242
231.646217346191	0.00419116456896283
231.780776977539	0.00419494163136317
231.934516906738	0.00416138950543859
232.04630279541	0.00415756756019665
232.181251525879	0.00415427544941907
232.309455871582	0.00415393202379632
232.442077636719	0.00414941915022211
232.579864501953	0.00415030143266429
232.713035583496	0.00415328625025659
232.852745056152	0.00414824110424035
232.996810913086	0.00414498457407587
233.127449035645	0.00414319117871541
233.258171081543	0.00414297108785485
233.39469909668	0.00414210112588548
233.515106201172	0.00414076296690024
233.652069091797	0.00413774105856589
233.773361206055	0.00413704655125233
233.92015838623	0.00413790923728635
234.049163818359	0.00413743984587195
234.180732727051	0.00413260145502755
234.315017700195	0.00412985594980281
234.448059082031	0.00413122320731913
234.587432861328	0.00412672394719261
234.716903686523	0.00412738046328066
234.84326171875	0.0041263908257849
234.980056762695	0.00412562444661817
235.114463806152	0.00412222023393005
235.251724243164	0.00412472091147931
235.395408630371	0.00411940112580255
235.513191223145	0.00411834261540001
235.642211914062	0.00411813557787032
235.776123046875	0.00411468442382209
235.90625	0.00411559859910275
236.04052734375	0.00411068748837508
236.17350769043	0.00411514072187279
236.301284790039	0.00411158325341767
236.433540344238	0.00410881443061775
236.567848205566	0.00410721240170555
236.699066162109	0.00410713488501864
236.826622009277	0.0041064023259368
236.961380004883	0.00410286933047309
237.100257873535	0.00410238028015725
237.227546691895	0.00409874953106227
237.361846923828	0.0040979196248329
237.494522094727	0.00409842832693686
237.630920410156	0.00409779998800983
237.764060974121	0.00409539832411232
237.892555236816	0.00409042358754586
238.025924682617	0.00409169244600847
238.160751342773	0.0040927571011281
238.292808532715	0.00408802159008398
238.420249938965	0.00408670469512174
238.556167602539	0.0040898283396372
238.722534179687	0.00405855131904799
238.856147766113	0.00405258344938122
239.007583618164	0.00405185955148188
239.144958496094	0.00404942196580009
239.267883300781	0.00404609922472982
239.396827697754	0.00404721149909005
239.531028747559	0.00404607762568868
239.660003662109	0.00404526540674568
239.789390563965	0.0040396257641741
239.915367126465	0.00403976935804295
240.045303344727	0.00403870773524961
240.179077148438	0.00403991425236191
240.297355651855	0.00403556844023602
240.437171936035	0.00403589029319125
240.560760498047	0.00403419221135844
240.689498901367	0.00403443852612493
240.829627990723	0.00402945464498961
240.963684082031	0.00402727180943353
241.092018127441	0.00402905032479096
241.22484588623	0.00402461104660611
241.358703613281	0.00402377350659558
241.496368408203	0.00402563598717225
241.644676208496	0.00402248911877851
241.772850036621	0.00401988197382925
241.896240234375	0.00401875550939752
242.048194885254	0.00401947232896338
242.164733886719	0.00401823284530701
242.291694641113	0.00401896820967462
242.424011230469	0.00401331828458062
242.557731628418	0.00401144539520009
242.693565368652	0.0040107474165155
242.819618225098	0.00400977194628893
242.955177307129	0.00400894896974026
243.077758789062	0.00400864874238301
243.214424133301	0.00400629345712024
243.328170776367	0.00400268624176118
243.483871459961	0.00400301505387176
243.606826782227	0.00400209162405669
243.752700805664	0.00400031002512619
243.882209777832	0.00400153021700477
244.006729125977	0.00399666872895711
244.141395568848	0.00399662900759068
244.275444030762	0.00399583909525135
244.403541564941	0.00399455708066208
244.535629272461	0.00399453180073646
244.674690246582	0.00398969143798134
244.803581237793	0.0039893196741908
244.938034057617	0.00398986259500287
245.070976257324	0.00398740747328794
245.208106994629	0.0039850470331062
245.356285095215	0.00395794489337782
245.464141845703	0.00395197142942205
245.59831237793	0.00394955913163939
245.738800048828	0.00394774027821415
245.866806030273	0.00394785852631553
245.995552062988	0.00394850479863146
246.130554199219	0.00394628585741309
246.264945983887	0.00394227863141769
246.391403198242	0.00394180144908804
246.526596069336	0.00394334783029011
246.654052734375	0.00393876856238407
246.794151306152	0.00393918933039329
246.932891845703	0.00393667937160597
247.057891845703	0.00393771846322344
247.192848205566	0.00393658045447853
247.327812194824	0.00393270158393543
247.46263885498	0.00393239091043165
247.595901489258	0.00393041744632903
247.724281311035	0.00393080853797688
247.848724365234	0.00392572309663926
247.988304138184	0.00392620865946517
248.12818145752	0.00392726832659135
248.262855529785	0.00392101727875899
248.392646789551	0.00392565445767846
248.541229248047	0.00392191255146366
248.653884887695	0.00392070416879531
248.78987121582	0.00392193427709588
248.929374694824	0.00391843635061733
249.070274353027	0.00391674415817394
249.199256896973	0.00391612577627384
249.334159851074	0.00391479926614208
249.463104248047	0.00391276462414914
249.59700012207	0.0039118763805233
249.733245849609	0.00391164908281237
249.871673583984	0.00391270614211423
250.012786865234	0.00390917927970202
250.147102355957	0.00390776093315658
250.273612976074	0.00390732003583798
250.407646179199	0.00390585013115813
250.540481567383	0.0039027896960013
250.670700073242	0.00390347347912104
250.804527282715	0.00390355263738987
250.938377380371	0.00390240386857935
251.065567016602	0.00389841793974357
251.1982421875	0.00389977323357784
251.332626342773	0.00389915434286903
251.459335327148	0.00389878913743967
251.595855712891	0.00389571406735811
251.756446838379	0.00386888632304996
251.876182556152	0.00386007908609725
252.009544372559	0.00385887987285531
252.141975402832	0.00385699005437267
252.269012451172	0.00385701790144554
252.400405883789	0.00385757005850015
252.527565002441	0.00385804213610592
252.65225982666	0.00385391585380443
252.804389953613	0.00385134091426798
252.93677520752	0.00385131228264985
253.074813842773	0.00384973452465148
253.223701477051	0.00384836693064034
253.378616333008	0.00384669686111729
253.528121948242	0.0038459671772751
253.669281005859	0.00384487057839108
253.80069732666	0.00384187605238915
253.934127807617	0.00383906871828201
254.061325073242	0.00384212165928075
254.193397521973	0.00383787062078589
254.336380004883	0.00383724270807565
254.463729858398	0.00383508131162216
254.59009552002	0.00383304472842331
254.719306945801	0.00383149536470813
254.854057312012	0.0038297115183267
254.998275756836	0.0038325293169724
255.108062744141	0.00382739781982033
255.237297058105	0.00382592468137008
255.366264343262	0.00382682855194414
255.489921569824	0.00382674367978778
255.619529724121	0.00382404397348746
255.750556945801	0.00382275607020879
255.877098083496	0.00382221278771419
256.002540588379	0.00382305369105853
256.136932373047	0.0038214682103343
256.267532348633	0.00382097027359776
256.404891967773	0.00381570987086829
256.536392211914	0.0038141158857715
256.665588378906	0.0038148289308177
256.796310424805	0.00381377444724979
256.928665161133	0.00381364701932423
257.047607421875	0.0038136174801519
257.187118530273	0.00380938117415931
257.316177368164	0.00380894834583901
257.448516845703	0.00380868069105995
257.589599609375	0.0038065670018561
257.715072631836	0.00380837012426807
257.851593017578	0.00380403601394489
258.001693725586	0.00377614722471398
258.106140136719	0.00377211846138778
258.246978759766	0.00376992909730523
258.377487182617	0.00376944908142507
258.513687133789	0.00376782471520877
258.648086547852	0.00376648503866043
258.780410766602	0.00376845244487409
258.913848876953	0.00376558500794815
259.049087524414	0.00376306538860206
259.177871704102	0.0037635249507828
259.308715820313	0.0037620081537708
259.436706542969	0.0037595794704576
259.568313598633	0.00376008944492951
259.709579467773	0.00375666046483263
259.843719482422	0.00375657783869355
259.977340698242	0.003756529499914
260.115814208984	0.00375253196823649
260.252502441406	0.00375326242204391
260.381484985352	0.00375260750580409
260.512496948242	0.00374967596487994
260.646347045898	0.00374891279779542
260.779708862305	0.00374977894594192
260.906997680664	0.0037459293943556
261.062911987305	0.00372055900046144
261.17658996582	0.00371837520902678
261.30534362793	0.00371568371629109
261.44499206543	0.00371529687434238
261.573318481445	0.00371347252012258
261.707855224609	0.00371001427504352
261.839614868164	0.00370771933715754
261.959732055664	0.00370989927465623
262.096115112305	0.00370730831557976
262.2294921875	0.00370701374838886
262.370788574219	0.00370417586688696
262.506988525391	0.00370306405520896
262.637557983398	0.00370124234994239
262.788299560547	0.00369966335213452
262.918319702148	0.0037010095887674
263.043350219727	0.00369775567140698
263.179122924805	0.00369680270301368
263.308410644531	0.0036965406134301
263.439407348633	0.00369500988466185
263.573013305664	0.0036944001963035
263.706604003906	0.00369150357219063
263.839385986328	0.00369220831962104
263.971221923828	0.0036921985896727
264.108825683594	0.00368956934921729
264.227661132813	0.00369125613844737
264.353546142578	0.00368980570968531
264.49479675293	0.00368684003507624
264.63444519043	0.00368454655658787
264.761154174805	0.00368436145138825
264.888900756836	0.0036847029101044
265.023651123047	0.00368029072467185
265.157760620117	0.00368473640529783
265.296951293945	0.00367723758816957
265.425338745117	0.00367664792615037
265.558441162109	0.00367853117585466
265.693206787109	0.00367535473206719
265.825073242187	0.00367579416699914
265.960083007813	0.00367567960834455
266.090270996094	0.00367372705572171
266.218353271484	0.00367111138799429
266.356521606445	0.00367043905856423
266.491073608398	0.00366801852546457
266.619964599609	0.00367023260842818
266.76123046875	0.00366727085528591
266.89518737793	0.00366651544235849
267.049392700195	0.00364096841442184
267.201171875	0.00363390288277632
267.356750488281	0.00363403601948206
267.500747680664	0.00363131717619791
267.634536743164	0.00363168321072178
267.773132324219	0.00362928992625837
267.927124023438	0.00362930047250538
268.072052001953	0.00362945351946763
268.202774047852	0.0036299135137098
268.325057983398	0.00362752956578634
268.451889038086	0.00362622474567597
268.592239379883	0.00362431506188251
268.723129272461	0.00362457284505459
268.845657348633	0.00362166442479512
268.968734741211	0.00362160122316943
269.086624145508	0.00362172931995259
269.188598632813	0.00361926778659276
269.335098266602	0.00361870126080607
269.470733642578	0.00361749216418656
269.594100952148	0.00361595776480458
269.728744506836	0.00361469595031256
269.86540222168	0.00361324199309764
270.002410888672	0.0036132413426183
270.116439819336	0.0036128521835192
270.240097045898	0.00360913686902115
270.372283935547	0.00360982137867827
270.508010864258	0.00360890659445747
270.634155273438	0.0036078448392281
270.764877319336	0.003605173460566
270.889984130859	0.00360582821526281
271.027694702148	0.00360318876793911
271.186508178711	0.00360278775617063
271.306381225586	0.00360480009850059
271.431594848633	0.00359909658762651
271.571365356445	0.00360111011310981
271.69352722168	0.00360048025170417
271.827438354492	0.00359895191310987
271.961959838867	0.00359615586725615
272.086029052734	0.00359460984608049
272.237182617187	0.00359546040857104
272.370056152344	0.00359016738082688
272.500442504883	0.00359148889642877
272.631698608398	0.00359110295573565
272.763320922852	0.00358957749447862
272.911758422852	0.00356498499120232
273.01969909668	0.003556226312519
273.140274047852	0.00355871028579675
273.276901245117	0.00355376856195146
273.419769287109	0.00355512477126384
273.553894042969	0.00355275687427933
273.678146362305	0.00355447607771724
273.79850769043	0.00355148666322526
273.916519165039	0.00354867501143367
274.03742980957	0.00355246468216839
274.16325378418	0.00354894851254266
274.27848815918	0.00355225942203299
274.40478515625	0.0035500918935853
274.52522277832	0.00354604534841954
274.650619506836	0.00354894363456088
274.781188964844	0.00354379590414931
274.898086547852	0.00354450341094136
275.037521362305	0.00354340573022752
275.166107177734	0.00354186252757721
275.295349121094	0.00354159651920671
275.419952392578	0.00354349340806739
275.543762207031	0.00354113788108203
275.662399291992	0.00353569468211915
275.806427001953	0.00353607975616775
275.913330078125	0.00353636391231399
276.041778564453	0.00353610966412524
276.174285888672	0.00353712242572642
276.308181762695	0.00353392292822814
276.434936523438	0.00353445010383071
276.567626953125	0.003533204678547
276.695770263672	0.00353284091058076
276.828918457031	0.00353199485801917
276.966430664062	0.00352910769230698
277.099197387695	0.00352930257174885
277.231384277344	0.00352810237402953
277.368286132813	0.00353292064157385
277.505462646484	0.00352509769116867
277.635604858398	0.00352652098405932
277.770294189453	0.00352271072386864
277.911041259766	0.00352459339352552
278.044769287109	0.00352422896488724
278.179656982422	0.00352165906748802
278.317977905273	0.00352140897029257
278.456420898438	0.00352256638154446
278.632934570313	0.00349359481132822
278.746231079102	0.0034904550471252
278.876510620117	0.00349010609614468
279.011108398438	0.0034873781818848
279.151672363281	0.00348818869869985
279.288970947266	0.00348530155009071
279.42692565918	0.00348505774165009
279.561248779297	0.00348491582473013
279.693023681641	0.00348492134110218
279.829864501953	0.00348247338643033
279.968627929687	0.00348029946076421
280.104782104492	0.00348069142540316
280.244140625	0.00348226177138427
280.382919311523	0.00347994684643672
280.515029907227	0.0034764656665473
280.634872436523	0.0034765858021504
280.782150268555	0.00347606885349604
280.926330566406	0.00347586265099761
281.060821533203	0.00347416590223142
281.208908081055	0.00347570248468652
281.364288330078	0.00347335692532579
281.496337890625	0.00346890215168091
281.624649047852	0.00346823552661692
281.760467529297	0.00347098188168626
281.898803710938	0.00346610369396655
282.035537719727	0.00347209916214912
282.163681030273	0.00347209685197077
282.312088012695	0.00346611727343485
282.465026855469	0.00346381817491368
282.593307495117	0.00346565531674703
282.716430664062	0.00346277838037835
282.855270385742	0.00346150808909869
282.998977661133	0.0034636080197899
283.130187988281	0.0034589099202225
283.258605957031	0.00346043406634789
283.394409179687	0.00345898342178462
283.529403686523	0.00345385747629749
283.666885375977	0.00345492542228345
283.808486938477	0.00345396393955777
283.95295715332	0.00345320635798163
284.092376708984	0.0034528377696744
284.227661132813	0.00345223866961673
284.382736206055	0.00342622797797382
284.494583129883	0.00342241849020944
284.624145507813	0.00342193482562418
284.758255004883	0.00342057102445748
284.895568847656	0.00341973483914955
285.024795532227	0.00341796358966652
285.15412902832	0.00341705831989331
285.282455444336	0.00341672175565255
285.419662475586	0.00341261990564523
285.563735961914	0.00341302110807901
285.692169189453	0.0034127058268357
285.822647094727	0.00341352424931567
285.964447021484	0.00341068572532698
286.096145629883	0.00340964989138225
286.234710693359	0.00341019735172177
286.371200561523	0.00340706169147241
286.51139831543	0.0034067182722967
286.641616821289	0.00340790039070099
286.781539916992	0.00340432847165689
286.9169921875	0.00340630304646308
287.047866821289	0.00340553773892773
287.203186035156	0.00340409805276056
287.322998046875	0.00340109153632741
287.46369934082	0.00339966179114128
287.593383789062	0.00340026347383323
287.722198486328	0.00339935580595807
287.857177734375	0.00339837203992591
287.995346069336	0.00339823544564529
288.127014160156	0.00339596736336482
288.261535644531	0.00339449357444245
288.395690917969	0.00339542759974416
288.525100708008	0.00339457135026216
288.658828735352	0.00338952477239912
288.795486450195	0.00339085738633211
288.928237915039	0.00339146187149267
289.056243896484	0.00339004135406031
289.187438964844	0.00338581274977685
289.32958984375	0.00338598061272569
289.468032836914	0.00338614730085934
289.601348876953	0.00338410267053887
289.741012573242	0.00338212990185826
289.896728515625	0.00338346830331486
290.07063293457	0.00335801623100954
290.192031860352	0.00335387741995978
290.343978881836	0.00335409356929636
290.493301391602	0.00335426525047712
290.634857177734	0.00335018801281673
290.76806640625	0.00335115757695492
290.918746948242	0.00335089385114616
291.069274902344	0.00334578624847916
291.21728515625	0.00334600727519844
291.34294128418	0.00334726404610911
291.456604003906	0.00334481955212275
291.576171875	0.00334370190359541
291.696350097656	0.00334131345149651
291.819046020508	0.00334337408155859
291.936569213867	0.003339889645725
292.053695678711	0.00333877581100681
292.179351806641	0.00333842227843832
292.305999755859	0.00334151403840817
292.430130004883	0.00333973417702232
292.557556152344	0.00333691564152379
292.688369750977	0.00333705154032873
292.823684692383	0.00333273493563968
292.940551757812	0.00333378093896497
293.066284179687	0.00333198073737197
293.197021484375	0.00333308546212407
293.328094482422	0.0033307325022285
293.459045410156	0.00333040926108075
293.590042114258	0.00332917952017555
293.715591430664	0.00333143249070799
293.844192504883	0.0033265304698714
293.995880126953	0.00332571499165874
294.158187866211	0.00332781663530008
294.306838989258	0.00332676082113294
294.461791992188	0.00332505711254674
294.608428955078	0.00332379297313441
294.750930786133	0.0033208661286566
294.89875793457	0.00332265551699652
295.050445556641	0.00331906883611187
295.173843383789	0.003320826693639
295.318801879883	0.00332011909613482
295.466751098633	0.00331843243746304
295.612838745117	0.00331815130347766
295.750411987305	0.00329041040778824
295.871643066406	0.00328722803406679
296.002532958984	0.00328500640346797
296.132843017578	0.00328920441739636
296.252380371094	0.00328540568022227
296.363540649414	0.00328583484125678
296.477767944336	0.00328283341386086
296.595520019531	0.0032830117210815
296.714782714844	0.00328207651187585
296.832794189453	0.00328531714049869
296.94287109375	0.0032808014931945
297.07275390625	0.00328039820893752
297.204055786133	0.00327889914082977
297.339447021484	0.00327811634438633
297.458206176758	0.00327863141688862
297.584335327148	0.00327715965868799
297.707504272461	0.00327467374112047
297.834518432617	0.0032776354797348
297.959609985352	0.00327759376115718
298.088195800781	0.00327408494208664
298.214309692383	0.00327467115253381
298.360824584961	0.00327359821243549
298.477355957031	0.00327380285813762
298.593505859375	0.00327218718962054
298.715270996094	0.00327256870385057
298.831527709961	0.0032692420532866
298.927291870117	0.00326988906532966
299.014694213867	0.00327174044415758
299.095581054687	0.0032696077182106
299.16455078125	0.00326680890844287
299.225372314453	0.00326714257991884
299.280883789063	0.00326747747670222
299.330993652344	0.0032674033796081
299.375411987305	0.00326603318555602
299.420028686523	0.00326724828695329
299.460525512695	0.00326563657636806
299.497451782227	0.00326299063720481
299.530960083008	0.00326589474880923
299.559448242188	0.00326506366782637
299.586868286133	0.00326564826212858
299.614532470703	0.00326535131837324
299.637268066406	0.00326637267982312
299.661651611328	0.00326595932252055
299.681625366211	0.00326395985225927
299.699630737305	0.00326131311177299
299.717193603516	0.00326493972766116
299.733291625977	0.00326478034191398
299.747695922852	0.00326178967887107
299.762557983398	0.0032634458151875
299.776077270508	0.00326336065903033
299.788208007812	0.00326445624842052
299.799255371094	0.0032668350443946
299.809814453125	0.0032649051117925
299.819351196289	0.00326412551210986
299.829116821289	0.00326508935712222
299.838134765625	0.00326551893531264
299.846450805664	0.00326456607783047
299.854217529297	0.00326618090095018
299.861618041992	0.00326198367136992
299.868423461914	0.00326614881767464
299.874923706055	0.00326266217769707
299.880599975586	0.00326598410189914
299.886108398438	0.00326728546577767
299.89176940918	0.00326555552816527
299.896881103516	0.00326209843491976
299.901657104492	0.00326762181729509
299.90592956543	0.00326646920961463
299.909790039063	0.0032666234662485
