10.00035048	0.008163
10.27747965	0.00812851
10.81271172	0.00811531
11.3397851	0.00810517
11.8609848	0.00808419
12.52835798	0.00807066
13.23400545	0.00806263
13.93797398	0.00805296
14.4555583	0.00805666
15.00227308	0.00804813
15.71086502	0.00805122
16.47454166	0.00803539
17.23874855	0.00804098
17.93669319	0.00802413
18.64429283	0.00802571
19.1912241	0.00803217
19.57732296	0.0080287
20.10456753	0.00802867
20.81822491	0.00803333
21.51720333	0.00804584
22.01680565	0.0080424
22.36693764	0.00804863
22.69864941	0.00805161
23.05202007	0.0080541
23.4154892	0.00805806
23.76818752	0.00804902
24.2944479	0.00806489
24.82136059	0.00807627
25.16992664	0.00806078
25.53593254	0.00807031
25.89579105	0.00808074
26.2536726	0.00808426
26.63014507	0.00808644
27.14914799	0.00810674
27.6502142	0.00810697
27.99713516	0.00811198
28.36856747	0.00812478
28.75134468	0.00812172
29.10121632	0.00812607
29.64716721	0.00814964
30.19751263	0.00816254
30.50797939	0.00817033
30.86202431	0.00816593
31.41904163	0.00819185
31.93896961	0.00818645
32.28081894	0.00820599
32.79479027	0.00821062
33.29839706	0.00823053
33.87713623	0.00825825
34.64863968	0.0082713
35.18395424	0.00828069
35.51768112	0.00830206
35.84047699	0.00830791
36.23164749	0.00831989
36.63669205	0.00832991
36.99656105	0.00834285
37.34911537	0.00836343
37.69081688	0.00836602
38.03975677	0.008378
38.37822914	0.00838767
38.86946297	0.00841809
39.38853073	0.00842006
39.75260735	0.00842963
40.09807968	0.00845231
40.43901825	0.00847107
40.79980659	0.00849218
41.18274498	0.00849357
41.55033302	0.00851939
41.91503334	0.00853418
42.28009033	0.00855049
42.64394569	0.00855142
43.03785896	0.00858238
43.40141487	0.00859461
43.78087997	0.00861381
44.35461807	0.00864406
45.04981422	0.00867906
45.73446846	0.00872621
46.41405487	0.00875214
46.92578125	0.00877235
47.29460335	0.00879737
47.66947556	0.00882496
48.01563454	0.00882694
48.35743141	0.00886288
48.72533035	0.00887935
49.11505699	0.00889827
49.4880867	0.00892539
49.83234406	0.00895706
50.17428398	0.00897455
50.5478363	0.00900465
51.10799408	0.00904572
51.89976501	0.00909663
52.67582321	0.00914838
53.18896866	0.00916872
53.56004143	0.00921193
53.96501541	0.00923232
54.50322151	0.00929201
55.03209114	0.00932073
55.39286041	0.00935453
55.73230553	0.00938213
56.07439613	0.00941784
56.46164322	0.00946218
56.84838867	0.00948529
57.19907951	0.00953102
57.73152733	0.00959745
58.29597473	0.00962874
58.67862701	0.00965354
59.01900673	0.00970175
59.36404991	0.00973929
59.73399925	0.00978061
60.10892677	0.00983234
60.49154663	0.00987164
60.86550522	0.00990236
61.27328873	0.00994523
61.67500305	0.00999358
62.17668533	0.01007524
62.90035248	0.0101824
63.63142014	0.01026505
64.21177483	0.01031141
64.61737442	0.01036451
64.97119141	0.01041475
65.32317352	0.0104565
65.67695618	0.01050448
66.05208969	0.01055718
66.4154129	0.01061405
66.76214981	0.01066524
67.13018417	0.0107111
67.52129364	0.01075937
67.91970062	0.01080605
68.31583023	0.01085741
68.67749405	0.01089681
69.20763779	0.01097893
69.74539185	0.01102895
70.0944252	0.01108003
70.46438217	0.01109674
70.83493042	0.01112489
71.1963501	0.01117064
71.54935455	0.01118457
71.9575882	0.01122663
72.37248611	0.01122825
72.72321701	0.01125748
73.24834442	0.01129316
73.80286789	0.01130272
74.18736649	0.01130755
74.54310989	0.01131657
74.93075943	0.0113162
75.51385117	0.01130748
76.23740768	0.01131043
76.96248245	0.01127931
77.69497681	0.01126187
78.24891663	0.01124315
78.62444687	0.01122402
78.98958206	0.01121525
79.34762192	0.01119587
79.69958115	0.01118443
80.10527802	0.01116081
80.50625992	0.01112706
80.88590622	0.0111068
81.26583481	0.0111032
81.643013	0.01107433
82.04888916	0.01105894
82.4393425	0.01103044
82.8168869	0.01099877
83.20915222	0.01098244
83.79931641	0.01093674
84.56243134	0.0109008
85.13674927	0.01086442
85.52171707	0.01082912
85.90074921	0.01081605
86.30056763	0.01080127
86.72114563	0.01076632
87.29719543	0.01070904
88.03369904	0.01065674
88.81215286	0.01060753
89.4002533	0.01057817
89.95417023	0.01051562
90.50300217	0.01050151
90.89120102	0.01046419
91.5252037	0.01041403
92.12918472	0.01037968
92.48109436	0.01036515
92.8789978	0.01033516
93.32304001	0.01029739
93.71545792	0.01027535
94.07043839	0.01025024
94.42409515	0.01021374
94.79700089	0.01019751
95.43513107	0.01013802
96.25026703	0.01008769
96.99888611	0.01002354
97.77380753	0.00997239
98.52970505	0.00992006
99.05596161	0.00988308
99.61713028	0.00984093
100.2112579	0.00981154
100.5961037	0.00978681
100.9720078	0.00974647
101.3576431	0.00972488
101.7244225	0.00969858
102.0888214	0.00967195
102.4584389	0.00964222
102.8532295	0.00962792
103.2699547	0.00959623
103.6599808	0.00955959
104.0409164	0.00953963
104.4470863	0.00951169
105.0363083	0.00946366
105.8275032	0.00940962
106.4345932	0.00937134
106.8316765	0.00935463
107.2272987	0.00933486
107.6230392	0.00930382
108.0011787	0.00927099
108.3611984	0.00926031
108.7682037	0.00922104
109.1652756	0.00919247
109.5450287	0.0091765
109.9623108	0.0091587
110.3963165	0.00912707
110.7975426	0.00909809
111.188633	0.00907723
111.6225281	0.00904708
112.0070915	0.00902809
112.3480072	0.00899786
112.9452057	0.00894397
113.7403984	0.00890213
114.3282547	0.0088661
114.7371292	0.00885336
115.2833405	0.00881082
115.8536949	0.0087762
116.2464676	0.00875975
116.596817	0.00873368
116.9727707	0.00871489
117.5509224	0.00865698
118.1094017	0.00864192
118.4854965	0.00861249
118.8837357	0.00859023
119.2695236	0.00857403
119.634491	0.00855387
120.2064972	0.00850166
120.9924202	0.00846187
121.5647125	0.00843155
121.9499092	0.0084121
122.3458023	0.00839375
122.7284698	0.00836782
123.1098595	0.00834814
123.5021629	0.00833903
123.9017105	0.00830613
124.2748184	0.00828821
124.6429482	0.0082646
125.2740555	0.00822886
125.8934135	0.00820052
126.5056	0.00816022
127.3156509	0.00811131
128.0953712	0.00807731
128.6850204	0.00805762
129.0648956	0.00804103
129.4402695	0.00801297
129.8424835	0.00798776
130.2469864	0.00797412
130.6078949	0.00795701
131.0106506	0.00794063
131.4119492	0.00792506
131.8141403	0.00789053
132.2183075	0.00787934
132.7744675	0.00784905
133.5799255	0.00780799
134.3983383	0.00776592
134.9873276	0.00774456
135.3735504	0.00772037
135.7371597	0.00771401
136.3006821	0.00767326
136.8651047	0.00764886
137.229538	0.00763647
137.8223877	0.00760484
138.4109955	0.00757776
138.7780685	0.00756078
139.1474915	0.00753704
139.5613327	0.0075255
140.1758423	0.00749367
140.9733658	0.00745595
141.5919266	0.00744346
141.9898453	0.00742312
142.3788834	0.00740112
142.7557755	0.00739072
143.1412506	0.00736818
143.5544586	0.0073594
143.9386978	0.0073373
144.5194702	0.0073037
145.3083801	0.0072801
146.101799	0.00724495
146.8971176	0.0072117
147.4877472	0.00719634
147.8939209	0.00717839
148.2771912	0.00716142
148.6719971	0.00714238
149.1035309	0.00712795
149.535202	0.00711852
149.9494324	0.00709251
150.5147552	0.00706749
151.0995865	0.00705514
151.4974976	0.00703623
152.0314713	0.00700816
152.7705231	0.00698084
153.5088806	0.00695231
154.0686188	0.00693806
154.4585342	0.00691633
154.8244705	0.00689492
155.1934738	0.00688577
155.5874405	0.00687707
156.0121307	0.00685106
156.4092102	0.00685042
156.7731171	0.00683888
157.3510132	0.00680615
158.1149826	0.00677433
158.6980667	0.00676041
159.0993347	0.00675081
159.6624756	0.00671792
160.2699051	0.00670933
160.7159958	0.00669637
161.1197739	0.00668132
161.5110626	0.00666562
161.9125214	0.00665441
162.3188858	0.00664223
162.9108658	0.00661605
163.7049789	0.00658425
164.4920425	0.00654953
165.0953979	0.00654923
165.5046921	0.00653744
165.8981094	0.0065248
166.2806702	0.00650685
166.6561432	0.00649221
167.2558441	0.00646989
168.0379791	0.00643898
168.7854767	0.00641565
169.3339996	0.00641052
169.7029419	0.00639368
170.3005829	0.00637517
171.0733719	0.00634974
171.8809357	0.00632029
172.5167694	0.00630738
173.0866776	0.0062906
173.8731537	0.0062651
174.4618301	0.00625632
174.8987885	0.00623618
175.3674164	0.00623176
175.9571457	0.00620321
176.520752	0.00619044
176.8898468	0.00617486
177.2525024	0.00616798
177.882309	0.00614642
178.7599869	0.0061262
179.5605316	0.00610435
180.11483	0.00608849
180.4799347	0.00608068
180.8616486	0.00606618
181.23526	0.0060611
181.5887222	0.00605216
181.9546738	0.00604191
182.3460236	0.00602482
182.9412918	0.00600241
183.7559052	0.00598326
184.3856201	0.00597246
184.7604294	0.00595824
185.1348572	0.00594608
185.5427322	0.00593964
185.9240265	0.00592628
186.2861938	0.00592126
186.8582153	0.00589916
187.6526871	0.00587782
188.4435272	0.00585585
189.0132904	0.00584748
189.3818588	0.0058384
189.7517624	0.00582979
190.3534393	0.00580371
190.9564819	0.00580245
191.3246078	0.00578369
191.9329376	0.00577114
192.7577209	0.00574948
193.3539047	0.0057361
193.7362366	0.00573178
194.2957306	0.0057131
195.0772858	0.00568804
195.6700211	0.00568392
196.2522354	0.00566056
197.0434647	0.00564331
197.6486511	0.00563284
198.0595245	0.00562083
198.4865265	0.00561596
198.8944855	0.00560835
199.2816315	0.00560377
199.6584702	0.00559003
200.0384216	0.0055818
200.4474945	0.00557524
201.0554123	0.00555308
201.8652267	0.0055314
202.6474533	0.00551788
203.2370529	0.00550972
203.669281	0.00549926
204.0929718	0.00549281
204.4812393	0.00548545
205.1040802	0.00546138
205.9167862	0.00544857
206.6808167	0.00543237
207.4523621	0.00541873
208.2094116	0.00539593
208.8039703	0.00539147
209.3958054	0.00537664
210.1649017	0.0053605
210.74086	0.00534921
211.0952835	0.0053417
211.4741211	0.00533362
211.9015656	0.00532613
212.4884644	0.00530743
213.2452774	0.00528921
214.0210266	0.00527544
214.6234512	0.00526565
215.0472412	0.00526108
215.4288101	0.00525367
215.8195572	0.00524127
216.2060928	0.00523809
216.591713	0.00522933
217.1632462	0.0052084
217.9182205	0.00520079
218.5382385	0.00519251
218.9688644	0.00517936
219.5319519	0.00516477
220.0884552	0.00515575
220.5025635	0.00515417
221.0960846	0.00513248
221.8555603	0.00511936
222.6004715	0.0051049
223.1730499	0.00509677
223.5999908	0.00508794
223.999382	0.00508414
224.394043	0.00507579
224.8085709	0.0050727
225.4041748	0.00505534
226.1587372	0.00503983
226.7279358	0.00503273
227.1159515	0.00502448
227.6792221	0.00501009
228.3195038	0.00500637
228.9357452	0.00499376
229.7211761	0.00497295
230.3275986	0.00496603
230.6896286	0.00496371
231.2796021	0.00495068
231.8761368	0.00494335
232.4519424	0.00492851
233.2313385	0.00491387
233.9898071	0.00490007
234.5777512	0.0048924
234.9883041	0.00488449
235.3682251	0.00488005
235.7328644	0.00487381
236.3298721	0.00486089
237.1201096	0.00484766
237.7157974	0.00483878
238.1845779	0.00483265
238.6314087	0.00482312
239.2222672	0.0048132
239.7868652	0.00480621
240.3504562	0.00479767
241.1188049	0.00478213
241.6836395	0.00477279
242.0472488	0.00477017
242.6447601	0.00475608
243.2426071	0.00474982
243.8216629	0.00473626
244.6041107	0.00472235
245.1951904	0.0047182
245.6009674	0.00471317
246.0067673	0.00470442
246.3959656	0.00470036
246.7634888	0.00469114
247.33004	0.00467964
248.1396637	0.00467021
248.7477951	0.00466074
249.1395645	0.00465523
249.5706558	0.00465463
249.973526	0.00464732
250.3361969	0.00463873
250.9226303	0.00462686
251.5097809	0.00461952
252.0585632	0.00461009
252.6731567	0.00460956
253.1013641	0.00460076
253.4618225	0.00459027
254.0475235	0.00458451
254.8555298	0.00457051
255.6253052	0.00455879
256.3844986	0.00454627
256.9912109	0.00454315
257.5899811	0.00452797
258.3421783	0.00451844
258.9140625	0.00451547
259.5166168	0.0045023
260.0984497	0.00449494
260.7083588	0.00448588
261.5673523	0.00447657
262.1791992	0.00446919
262.7217865	0.00445863
263.4970551	0.00444931
264.3255463	0.00444252
265.0921783	0.00443029
265.6474762	0.0044239
266.0769196	0.00441635
266.4818878	0.00441595
266.8610229	0.00440823
267.4720154	0.00439614
268.2640991	0.0043858
268.8219452	0.00437951
269.2054443	0.00437344
269.5917053	0.00436607
269.9701996	0.00436267
270.5730438	0.00435018
271.3419952	0.00434151
272.1474457	0.00433289
273.0009003	0.00432002
273.7874298	0.00431389
274.5533752	0.00429731
275.1365051	0.00429614
275.5121307	0.0042888
275.9185944	0.00428452
276.3166504	0.00427897
276.7024384	0.00427486
277.3232574	0.00426092
277.937439	0.00425825
278.5064087	0.00425045
279.0711517	0.00424473
279.4686127	0.00423933
280.0279846	0.00423099
280.8100128	0.00422291
281.4286804	0.00421567
281.806488	0.00421037
282.1882782	0.00420462
282.5711365	0.00420153
283.1497192	0.00419289
283.9576263	0.00417878
284.5548401	0.00417452
285.1364288	0.00416811
285.7148743	0.00416397
286.2792664	0.00415322
287.058609	0.00414055
287.6337433	0.00414083
288.0092926	0.0041354
288.4030151	0.00412912
288.7787781	0.00412738
289.3096466	0.00411849
290.0383759	0.00411239
290.7858734	0.0041015
291.3545837	0.00409931
291.9543304	0.00408859
292.7414246	0.00407823
293.3331757	0.0040754
293.7179413	0.00407294
294.128952	0.00406598
294.7882233	0.00405737
295.5991974	0.00404782
296.1500702	0.00404894
296.6880188	0.00403824
297.3577576	0.0040338
297.8009949	0.00403048
298.0464935	0.0040266
298.2204132	0.00402389
298.4023743	0.00402195
298.5926208	0.00401991
298.753067	0.00401757
298.8896484	0.00401502
298.9964905	0.00401681
299.1421509	0.00401192
299.3083954	0.00400993
299.4460297	0.00400922
299.5340881	0.00400669
299.5799561	0.00400864
299.6219788	0.00400734
299.659256	0.00400679
299.6932068	0.00400705
299.7227325	0.00400497
299.7494507	0.00400521
299.7745056	0.00400446
299.7980194	0.00400446
299.8185425	0.00400633
299.836853	0.00400635
299.8545074	0.00400297
299.8717651	0.00400263
299.8863068	0.00400204
299.899353	0.00400462
299.9168549	0.00400251
299.9323273	0.00400349
299.9416046	0.00400446
299.9508514	0.00400095
299.9597626	0.0040016
299.9672852	0.00399914
299.9734344	0.00400256
299.9792023	0.00400011
299.9849701	0.00399939
299.9921875	0.00400248
299.9984283	0.00400142
300.0020905	0.0039997
300.0053864	0.00400197
300.0082397	0.00400009
