10.0011920928955	13.0290819807436
10.0214395523071	12.9358152903684
10.5122003555298	12.8855006866426
11.0150756835938	12.8190540804251
11.5041027069092	12.7728992883772
12.0215625762939	12.7201541976576
12.501072883606	12.6903274932566
13.0081663131714	12.644752092795
13.5316181182861	12.6027985823548
14.0054607391357	12.5703619440306
14.5087051391602	12.5449831763782
15.0144119262695	12.5070406853972
15.5080575942993	12.4889704079843
16.0059452056885	12.447077230309
16.5160350799561	12.4195019605111
17.0108528137207	12.3918409895644
17.5006103515625	12.3773218735291
18.0148048400879	12.3552129363747
18.5147018432617	12.3321848271114
19.0009632110596	12.3071333351727
19.5021934509277	12.2935944206116
20.0055255889893	12.2760505976446
20.5408554077148	12.2678435208304
21.0087432861328	12.2605010592628
21.5029525756836	12.2279365761844
22.0103340148926	12.2150809064867
22.5222625732422	12.2059952966313
23.011302947998	12.2044743904474
23.51513671875	12.1831859748793
24.0316867828369	12.1853152862099
24.5076847076416	12.1787395238154
25.0093383789062	12.1703465380923
25.5171680450439	12.1584067721479
26.0150032043457	12.1607402002476
26.5002593994141	12.1604931583053
27.0126113891602	12.1494064454598
27.5039138793945	12.138106978598
28.013786315918	12.1370841686348
28.5118103027344	12.1464432135545
29.0124053955078	12.13246342192
29.5134410858154	12.1523806171516
30.0059566497803	12.1342426159325
30.5053520202637	12.1348675315338
31.0076522827148	12.1261466988122
31.5119857788086	12.1467652959399
32.005054473877	12.135304696274
32.5016479492188	12.1331127872966
33.0143203735352	12.1345528712155
33.5079383850098	12.1409865879874
34.0095100402832	12.1465144430077
34.5068435668945	12.138513038363
35.0082664489746	12.1386213947476
35.5066223144531	12.1481576075484
36.0148544311523	12.1549524568607
36.50537109375	12.162381137594
37.0093879699707	12.1621194814532
37.5055885314941	12.174666904975
38.0153732299805	12.1781590695562
38.5293235778809	12.1793147572782
39.0064659118652	12.1890958758722
39.5074844360352	12.1938588227822
40.0080680847168	12.198712052722
40.5030784606934	12.218768594188
41.0120544433594	12.2176695333249
41.5090637207031	12.2315245801304
42.017219543457	12.2395847438942
42.505859375	12.2594736807697
43.0010528564453	12.2584608472506
43.5024948120117	12.2652691730352
44.009220123291	12.2736529251646
44.5119018554687	12.2950052662923
45.0145606994629	12.3059914678541
45.5127143859863	12.3125002158145
46.012035369873	12.3340766416091
46.5149993896484	12.3574930519159
47.0093231201172	12.3609403568205
47.5120086669922	12.3776096941278
48.0122337341309	12.3820943889713
48.5083923339844	12.4048176481207
49.0017967224121	12.4206927645838
49.5011787414551	12.4196037133696
50.0157699584961	12.452892997944
50.5020027160645	12.470335182202
51.0174827575684	12.4897351188342
51.5124435424805	12.4940276829119
52.00341796875	12.5172030940352
52.5021705627441	12.5273329542244
53.0287933349609	12.5528568271998
53.5077247619629	12.5729129856415
54.0094757080078	12.5999810542045
54.5143890380859	12.6163410191685
55.0218849182129	12.6397376767325
55.5037231445313	12.6569993974113
56.0023307800293	12.6769604030969
56.5124282836914	12.7160352907484
57.0092926025391	12.7366144186697
57.5141220092773	12.7561414009926
58.0246658325195	12.7875719978118
58.5097045898438	12.8191340730379
59.0241584777832	12.8453897416797
59.5092887878418	12.8544976682848
60.0119132995606	12.8923284863366
60.5119438171387	12.9079116382332
61.0092506408691	12.9422678261922
61.5082359313965	12.9660166441417
62.0143547058105	13.0163107451288
62.5015258789063	13.0510253966966
63.0060119628906	13.0738779982033
63.0746803283691	13.0906996644745
63.5005569458008	13.1095490888353
64.0032196044922	13.1338100979285
64.513801574707	13.1801695273118
65.0064010620117	13.2207215553383
65.501350402832	13.2532325304134
66.0300674438477	13.2875610333749
66.5052642822266	13.310830374545
67.0276412963867	13.3508104880984
67.5087890625	13.4062104112682
68.0152282714844	13.4475022679574
68.5147933959961	13.4863230624543
69.0119781494141	13.5285660336962
69.5116500854492	13.5709253300064
70.0114212036133	13.6186778554283
70.5149078369141	13.6648951468712
71.0135040283203	13.7201675086385
71.500358581543	13.7704390249641
72.0322875976563	13.8268225558786
72.5109024047852	13.8685053128405
73.012825012207	13.9268377907725
73.5103302001953	13.9829325352041
74.0094375610352	14.0442147669152
74.5053863525391	14.1092087952815
75.0144271850586	14.1684681976787
75.5087890625	14.2408956912243
76.0098571777344	14.3110335023906
76.5055160522461	14.3810490202734
77.0039672851562	14.4787018767632
77.5004196166992	14.542808967451
78.0069046020508	14.6385533579313
78.5044174194336	14.6915766030538
79.0000762939453	14.7652116906657
79.5253067016602	14.8568260570132
80.0013809204102	14.9417811647241
80.512092590332	15.0185152272615
81.0130386352539	15.0854228765568
81.5131988525391	15.1602817188234
82.0210952758789	15.2304332651822
82.5006256103516	15.3072327842366
83.0102310180664	15.3491058570058
83.5058135986328	15.3882616605703
84.002082824707	15.4345540429594
84.5070114135742	15.4534936408923
85.0192260742188	15.4620882337831
85.5092086791992	15.4641214636838
86.0096588134766	15.4791397329868
86.500862121582	15.4478257180246
87.0090866088867	15.436635738121
87.5238189697266	15.4157454990397
88.0003967285156	15.3896623006293
88.5110397338867	15.3609742485444
89.0024490356445	15.3247999498524
89.5424346923828	15.2867643800141
90.0011978149414	15.2531144623531
90.5112533569336	15.218861118955
91.0066375732422	15.191717620745
91.5068969726563	15.1444614073267
92.0093307495117	15.1074992448122
92.5001220703125	15.075454903129
93.0127944946289	15.0331946355349
93.5001373291016	14.9818076532005
94.0075454711914	14.9444412766296
94.5054244995117	14.9134746651653
95.000373840332	14.8685434008203
95.5011367797852	14.8393163733141
96.0036392211914	14.790928613572
96.5091094970703	14.7582639369727
97.0011901855469	14.7093021131229
97.5088806152344	14.6605828462968
98.0098114013672	14.623292185037
98.5136489868164	14.5765641357946
99.0136184692383	14.5201661363212
99.5043716430664	14.4972242626145
100.007682800293	14.4459113226781
100.514442443848	14.4033731516225
101.005096435547	14.3563358058189
101.507774353027	14.3248074881223
102.000221252441	14.2787959183871
102.508262634277	14.2346995155325
103.018569946289	14.1884437469037
103.510986328125	14.1548932627758
104.012977600098	14.1038360636
104.501220703125	14.0719968148094
105.010627746582	14.033866381789
105.501739501953	13.9839238902456
106.007362365723	13.9443967992242
106.527923583984	13.9074517922088
107.002899169922	13.8532999745266
107.507362365723	13.8100025845446
108.030303955078	13.768336242252
108.516639709473	13.7258445826434
109.001892089844	13.6936102485614
109.50553894043	13.648672707923
110.007316589355	13.6094616341692
110.514869689941	13.5661558920432
111.01676940918	13.5208429268593
111.514236450195	13.4830395846723
112.005081176758	13.4363310343989
112.525451660156	13.423960747688
113.015258789062	13.3634903627576
113.508758544922	13.3265989634761
114.004837036133	13.2752220517621
114.503936767578	13.2508576441345
115.010261535645	13.2131090716722
115.501747131348	13.1646284730698
116.005584716797	13.1246122808566
116.508949279785	13.0904274106793
117.031112670898	13.0552389835672
117.516906738281	13.0138049215883
118.004409790039	12.966041144201
118.50740814209	12.9367939652722
119.004188537598	12.8973564901753
119.522216796875	12.8496892704504
120.013496398926	12.8166860649965
120.502288818359	12.787895514927
121.00715637207	12.7504858651663
121.500831604004	12.7108953662484
122.007171630859	12.6697104574242
122.515045166016	12.6215768000851
123.006935119629	12.598399250662
123.500480651855	12.5604047504652
124.016510009766	12.500065937332
124.505729675293	12.4833420332757
125.024459838867	12.4434025044651
125.501586914062	12.3985576211658
126.00350189209	12.3671573803878
126.52864074707	12.325301423456
127.011299133301	12.3021624174195
127.502731323242	12.2798950042499
128.00764465332	12.2380598209903
128.506103515625	12.1942485723807
129.015502929688	12.1672499555165
129.509384155273	12.1320479828857
130.003280639648	12.0857577378423
130.502731323242	12.0522950599291
131.002136230469	12.0202458935307
131.507949829102	11.9945444618325
132.010803222656	11.9627955873598
132.528869628906	11.9144499594609
133.015426635742	11.8843022799854
133.504501342773	11.8572226031719
134.011779785156	11.8253405754414
134.500228881836	11.7932520078504
135.000228881836	11.7634129191621
135.501907348633	11.7176961602538
136.005844116211	11.6926617072156
136.511352539062	11.6592796839244
137.002487182617	11.6179882718911
137.510543823242	11.5822930029162
138.027908325195	11.5528566677482
138.503356933594	11.5240085290299
139.007263183594	11.4884732104548
139.512969970703	11.4621952779965
140.00520324707	11.44108772298
140.503555297852	11.4185860015447
141.026931762695	11.3785511073195
141.518493652344	11.3362458694473
142.010299682617	11.3097904134791
142.521850585938	11.283376027392
143.009841918945	11.2468143405743
143.528778076172	11.2084605233058
144.00846862793	11.1853990185485
144.509262084961	11.168711809802
145.021072387695	11.1246074387862
145.520080566406	11.093542312877
146.007614135742	11.0687484426228
146.501037597656	11.0506121003612
147.003341674805	11.009600430203
147.509857177734	10.9754835458524
148.03157043457	10.942349294174
148.501434326172	10.9194936217403
149.008712768555	10.8858897088929
149.510925292969	10.8656480194131
150.006271362305	10.8191966029721
150.508575439453	10.8104895702421
151.004974365234	10.7667068127573
151.507385253906	10.7350318275897
152.029312133789	10.7228255718856
152.501571655273	10.6799810180148
153.001846313477	10.6632344079983
153.510940551758	10.6354410636628
154.002868652344	10.6163844648776
154.51091003418	10.5772715593334
155.013000488281	10.5513259739622
155.501174926758	10.5168054398237
156.01481628418	10.491265612687
156.50325012207	10.4579995497408
157.007568359375	10.440117484212
157.515106201172	10.4183382408363
158.010375976562	10.3887296947584
158.514038085938	10.3635813759868
159.012878417969	10.3249350526237
159.515319824219	10.3050181424478
160.017288208008	10.2779888765294
160.503219604492	10.2545554826914
161.005737304687	10.229099996203
161.513366699219	10.2091420577289
162.008316040039	10.1872351824432
162.503570556641	10.1522392222718
163.017395019531	10.1337399470583
163.501083374023	10.1122437332859
164.000778198242	10.0750175410977
164.512832641602	10.0477595016866
165.014785766602	10.0427408254558
165.507232666016	9.99974810124418
166.007858276367	9.97518329734483
166.503921508789	9.93726825052128
167.030822753906	9.92906448547603
167.510452270508	9.89003345415116
168.04914855957	9.86998774786139
168.529052734375	9.84454436756365
169.003753662109	9.8321011274698
169.530914306641	9.80288516615973
170.000045776367	9.78360678912459
170.500900268555	9.75361210469164
171.004348754883	9.73416587769632
171.516448974609	9.70178199038636
172.028991699219	9.67665379170111
172.510635375977	9.65586541960608
173.007385253906	9.63041477666296
173.506362915039	9.60409850946229
174.003646850586	9.57872371263617
174.51042175293	9.56894510385593
175.005386352539	9.53482345659946
175.501052856445	9.51180689829831
176.014709472656	9.49305968180822
176.514556884766	9.46529802465808
177.005996704102	9.44683347272133
177.505004882813	9.4280420303222
178.012893676758	9.39773238921994
178.504837036133	9.38093050786713
179.014999389648	9.36211085015898
179.506942749023	9.3368406604019
180.004364013672	9.31636593408242
180.512420654297	9.29108286520404
181.013641357422	9.26436488463531
181.507354736328	9.23895671962323
182.007080078125	9.22164731235197
182.512878417969	9.19320694481006
183.027633666992	9.1915256965449
183.512390136719	9.16381043609609
184.01692199707	9.13445119350794
184.504928588867	9.12342486023113
185.010696411133	9.10209548468485
185.515991210938	9.08677058975064
186.018661499023	9.05535930468028
186.505661010742	9.01563963153213
187.013595581055	9.00619926311039
187.503112792969	8.98450775497326
188.007339477539	8.96199127502065
188.533462524414	8.94294583745932
189.002288818359	8.93374585124305
189.502410888672	8.8992414769464
190.005264282227	8.88698302634263
190.513656616211	8.86385198855548
191.009963989258	8.83150470568773
191.500442504883	8.8209324699541
192.030914306641	8.8027370985612
192.51628112793	8.77436532102209
193.002410888672	8.76403219202832
193.514572143555	8.73550835228287
194.001419067383	8.71430780485991
194.509689331055	8.69558046349163
195.002487182617	8.67519305672913
195.513137817383	8.65844522538088
196.009185791016	8.64360979048284
196.501708984375	8.60498560494351
197.011810302734	8.59821459419516
197.510604858398	8.58332790702033
198.01188659668	8.55455253561673
198.509414672852	8.54272844235156
199.01416015625	8.52037621333979
199.504196166992	8.50744155610803
200.009918212891	8.47994123955419
200.50309753418	8.45766907444847
201.016159057617	8.43675032504626
201.511413574219	8.42893630731863
202.012603759766	8.3996137223482
202.511871337891	8.37523620533768
203.014526367187	8.35982347407797
203.515411376953	8.34278088479944
204.005020141602	8.33944570198969
204.510116577148	8.31014766215246
205.031768798828	8.29135438083913
205.553329467773	8.27137712416826
206.001754760742	8.24927153660413
206.506546020508	8.23859639293959
207.018371582031	8.22015166374839
207.503509521484	8.20462110159418
208.007354736328	8.18416990540614
208.502716064453	8.15189237731191
209.021286010742	8.13903676022944
209.503646850586	8.13042676770275
210.00373840332	8.11987197103471
210.505157470703	8.09525070083049
211.010284423828	8.08342817106672
211.501754760742	8.04710809204011
212.021591186523	8.04866948426191
212.509124755859	8.02340894370842
213.001495361328	7.98676633414604
213.500137329102	7.98318749199481
214.000244140625	7.96609704324337
214.528060913086	7.96213143787491
215.015960693359	7.93050365584348
215.50325012207	7.9200273170918
216.003723144531	7.89631202324222
216.518402099609	7.88017994304052
217.017517089844	7.86989189676313
217.512359619141	7.83926004396023
218.019378662109	7.83878039972242
218.507629394531	7.80937374081216
219.018630981445	7.79975987491717
219.507019042969	7.7672097981907
220.014831542969	7.74669179260416
220.510116577148	7.74531699435666
221.005462646484	7.72196116900677
221.502975463867	7.70995061172003
222.02815246582	7.68842073276621
222.515045166016	7.67443559028221
223.008666992187	7.66362457135472
223.516708374023	7.64521270149346
224.008911132813	7.62737470168551
224.508346557617	7.60777057323224
225.014862060547	7.59207354197906
225.503799438477	7.57013742946034
226.001373291016	7.57378918218662
226.509719848633	7.54836027608966
227.006683349609	7.54629168406717
227.50178527832	7.52721549708127
228.004272460938	7.50282461214392
228.5283203125	7.48361608839276
229.013031005859	7.47336396776801
229.532699584961	7.45434348828457
230.002853393555	7.44238502277508
230.505142211914	7.42756541483606
231.005889892578	7.39989607676587
231.511627197266	7.40378114197457
232.011520385742	7.37666367032857
232.502746582031	7.36253523254378
233.010833740234	7.35258461906497
233.511978149414	7.34043254152448
234.001556396484	7.31963095232844
234.500274658203	7.30674642110685
235.01969909668	7.28853707951972
235.511901855469	7.27423177566887
236.001907348633	7.24897570632301
236.512023925781	7.24969567005752
237.000534057617	7.22796447532465
237.51383972168	7.20407031265348
238.00993347168	7.20028105290561
238.511215209961	7.18198350825103
239.048522949219	7.16304396200695
239.505645751953	7.15450140603159
240.013137817383	7.13174755044802
240.501449584961	7.12691828501269
241.001235961914	7.10036194224757
241.513336181641	7.10452226088403
242.006286621094	7.0751446754534
242.502349853516	7.06727177437779
243.018829345703	7.05976437643857
243.510116577148	7.0468513364528
244.002349853516	7.018994936482
244.513442993164	7.00999706265518
245.006042480469	7.01007662900285
245.513107299805	6.98271382638557
246.021911621094	6.9719339219412
246.506805419922	6.95818061112457
247.009552001953	6.93959606320712
247.516555786133	6.91394079294144
248.013946533203	6.90901322382993
248.514556884766	6.90124531056846
249.027709960938	6.88769798716543
249.519241333008	6.8589744052187
250.003112792969	6.8539712336086
250.507171630859	6.83436087710504
251.027267456055	6.82622752345269
251.50959777832	6.81143091808507
252.000625610352	6.80881782896159
252.515487670898	6.78758552530248
253.007705688477	6.76805075213858
253.511688232422	6.76540237787147
254.008880615234	6.74000482112574
254.511978149414	6.73625043697606
255.049545288086	6.71182974172429
255.504287719727	6.71186524496131
256.034790039062	6.69255167125993
256.505340576172	6.67529071283052
257.010009765625	6.66224890924709
257.503601074219	6.6488983262805
258.009185791016	6.6374135457433
258.500915527344	6.63064608955518
259.007019042969	6.61065331695543
259.517639160156	6.59406635737309
260.023010253906	6.57920445668179
260.500091552734	6.56457270984092
261.010009765625	6.55790335361999
261.503356933594	6.54643456212227
262.000640869141	6.52537113680526
262.516326904297	6.52244919296363
263.027679443359	6.50778228533596
263.545867919922	6.4922570565431
264.009735107422	6.48224358307161
264.506225585938	6.46780570166905
265.006866455078	6.46383591078114
265.508544921875	6.44288963375176
266.015838623047	6.42163871302126
266.503479003906	6.42498894667785
267.002319335938	6.41568119907366
267.527252197266	6.39546436541103
268.02197265625	6.3999724991585
268.507049560547	6.36162757568453
269.012115478516	6.36508762060047
269.511962890625	6.35213588821854
270.014221191406	6.34212471560918
270.544342041016	6.31802529525387
271.030029296875	6.31162841727629
271.507293701172	6.29670330190246
272.014465332031	6.28083067647253
272.5078125	6.27603175822907
273.003509521484	6.26776691034902
273.504516601562	6.26095400342552
274.012481689453	6.2416857997943
274.506195068359	6.22313133651492
275.005950927734	6.21354236695231
275.503540039062	6.20191530372112
276.008056640625	6.18280551993703
276.517547607422	6.17734761165103
277.003295898438	6.16287177086211
277.523040771484	6.15264092254748
278.003997802734	6.15244154890857
278.503387451172	6.13071965929795
279.019836425781	6.12357435428079
279.512664794922	6.10126154228674
280.006561279297	6.10298239394899
280.510192871094	6.08372106975782
281.014373779297	6.08383477119188
281.5107421875	6.06429439772032
282.006378173828	6.06008850609912
282.500732421875	6.03806736901316
283.014617919922	6.03810059521954
283.508422851562	6.03521755671326
284.003265380859	6.00650429841715
284.504364013672	6.00365989088654
285.001708984375	6.0003941303247
285.502166748047	5.98258945801545
286.014221191406	5.95573402478971
286.510070800781	5.96773358187858
287.011566162109	5.94305997515063
287.509490966797	5.94244573836078
288.012847900391	5.9379569263489
288.501342773438	5.91064531889093
289.009704589844	5.90197110085373
289.511077880859	5.89440262741424
290.002716064453	5.88732936170801
290.504547119141	5.87638699223797
291.001495361328	5.87102728380969
291.505615234375	5.85305510767765
292.031097412109	5.83944314434121
292.502532958984	5.83747512208038
293.028411865234	5.81898685239384
293.507659912109	5.81829673613149
294.001922607422	5.80887115805233
294.503540039063	5.78814871474997
295.006530761719	5.77159203345933
295.512420654297	5.77714986282445
296.004089355469	5.75939996422991
296.512451171875	5.76966466304677
297.001525878906	5.74188837147324
297.503845214844	5.73081457363249
298.007293701172	5.70644785732828
298.524475097656	5.71824855833263
299.009216308594	5.69968657893818
299.503540039063	5.69654595210558
299.909912109375	5.67196152876279
