2.07633543014526	0.00482791538444757
2.11840522289276	0.00483975015489774
2.22546243667603	0.00483845014271913
2.32727110385895	0.00484057142846733
2.42886400222778	0.00484704775371238
2.53406310081482	0.00485119572153746
2.91606950759888	0.00487257691432867
2.97286307811737	0.00488166041955709
3.07466793060303	0.00489047062206314
3.18734645843506	0.00490012296390325
3.29146671295166	0.00490875837041776
3.4028514623642	0.00491477254675025
3.51400923728943	0.00492396761492852
3.62405955791473	0.00493105722110205
4.00005435943604	0.00495270911631703
4.08001279830933	0.00496388422445567
4.18060994148254	0.00497137468138483
4.28094220161438	0.00498153426950807
4.38519477844238	0.00498854527813732
4.50318026542664	0.00499615381944974
4.61959743499756	0.00500617052648683
4.73290729522705	0.00501634372427353
4.85398173332214	0.00502653122192057
4.97502708435059	0.00503289058145517
5.08853554725647	0.00504348033275862
5.20791387557983	0.00505078867377269
5.33238911628723	0.00506070331064645
5.44705080986023	0.00507182733066873
5.56547045707703	0.00507749772163143
5.68172121047974	0.00508740394646403
5.80220055580139	0.00509924820618923
5.92056941986084	0.00510654338188416
6.05279016494751	0.00511838118522461
6.16256403923035	0.00512713242549583
6.28477931022644	0.00513526966590584
6.41169857978821	0.00514781550486481
6.52893900871277	0.00515616580836741
6.64566898345947	0.00516397906974215
6.76186299324036	0.00517398442195528
6.88453435897827	0.0051813752813212
7.01105213165283	0.00519056775925146
7.12942290306091	0.00520123753947559
7.25534129142761	0.00520972709783386
7.37766814231873	0.00521703451126887
7.49897742271423	0.00522707922980756
7.61307501792908	0.00523686475037824
7.73816227912903	0.00524776281540812
7.86580586433411	0.0052552135763423
7.99517774581909	0.0052636277494268
8.11436653137207	0.00527337026522301
8.23906087875366	0.00528382849760019
8.36332607269287	0.00529076265057993
8.48018026351929	0.00529958242141318
8.60650205612183	0.00530675347905304
8.72873687744141	0.00531252606566935
8.8537278175354	0.00532668579826958
8.97968339920044	0.00533569469187164
9.09869289398193	0.00534612471552082
9.22083759307861	0.00535212246904135
9.34688854217529	0.00535919833492034
9.47268867492676	0.00536604125180087
9.59193229675293	0.00537758887182879
9.71910619735718	0.00538574453166664
9.84578514099121	0.00539146763670558
9.95901870727539	0.00540275944961594
10.0886993408203	0.00541027300617833
10.2156572341919	0.00541835301791334
10.342583656311	0.00542747861692903
10.469783782959	0.00543309981517704
10.586998462677	0.00544193440154868
10.713143825531	0.00545099393101652
10.8440475463867	0.00546046400622455
10.965124130249	0.00546601475153042
11.0905184745789	0.00547529226999268
11.2166466712952	0.0054829592458413
11.338996887207	0.00549106603106669
11.4657330513	0.00549867298339984
11.5819959640503	0.00550679130686616
11.7167387008667	0.00551440933770091
11.8398380279541	0.00552479185092341
11.965925693512	0.00553046474971837
12.0879726409912	0.00553727605434367
12.2151441574097	0.00554728686978573
12.341854095459	0.00555328667212631
12.4611358642578	0.00556198098830458
12.5873737335205	0.00556938857748285
12.7151288986206	0.00557525009585067
12.838146686554	0.00558563411178998
12.9646310806274	0.00558906793616298
13.0919804573059	0.00559703859773831
13.2194528579712	0.00560372424902708
13.3456044197083	0.00561145853089575
13.4716567993164	0.0056196913593147
13.5933680534363	0.00562565362296087
13.7094526290894	0.00563216564128073
13.845543384552	0.00564101015420234
13.9696946144104	0.00564808397848937
14.0992522239685	0.00565209821604793
14.2266645431519	0.00566238896667168
14.3484802246094	0.0056674207441819
14.4746279716492	0.00567430744926545
14.6052532196045	0.00567749556915112
14.7286081314087	0.00568721779743534
14.8549346923828	0.00569219693809041
14.9830031394958	0.00569869238829651
15.1044988632202	0.00570468080733961
15.236958026886	0.0057122221849889
15.3865761756897	0.00571884767527072
15.5402421951294	0.00572669331593668
15.6868553161621	0.0057324287415559
15.8512301445007	0.00574328129580495
16.0193405151367	0.00574691751518978
16.1804904937744	0.00575417598650267
16.307035446167	0.00575980979435567
16.439248085022	0.00576838561924869
16.5543670654297	0.00577307088662701
16.6679849624634	0.00577954763377504
16.7921380996704	0.00578710437146632
16.9242095947266	0.0057916459839784
17.0510292053223	0.00579942577532258
17.1833543777466	0.00580764873136404
17.3097229003906	0.00581080984511501
17.4338331222534	0.00581967069152492
17.5628519058228	0.00582503280160801
17.6920852661133	0.00582889716281589
17.8226623535156	0.00583483278192426
17.950662612915	0.00584551555236876
18.0810861587524	0.00584853862409986
18.2094850540161	0.00585418142444728
18.3330068588257	0.00586227398277051
18.4736518859863	0.00586706062145457
18.5950164794922	0.00587006260908182
18.7185745239258	0.00587932225419102
18.8480796813965	0.00588190948334793
18.9764461517334	0.00588839953823443
19.0979461669922	0.00589415528152274
19.2263431549072	0.005897703420305
19.3592262268066	0.00590538172835284
19.4828433990479	0.00591226560682812
19.6082305908203	0.00591817789962285
19.7378530502319	0.00592232444159402
19.856294631958	0.0059281843329244
19.9899168014526	0.00593509624091454
20.1212902069092	0.0059413233211845
20.2394247055054	0.00594763448936941
20.3775186538696	0.00595359096635972
20.5028581619263	0.00595588157106399
20.6318559646606	0.00596073913020337
20.7692556381226	0.00596803906564083
20.8955411911011	0.00597466924829736
21.0243272781372	0.0059773047194137
21.1521797180176	0.00598415461974765
21.2762384414673	0.00598703252517561
21.4055662155151	0.00599660432008133
21.5406951904297	0.00600155833857965
21.6615018844604	0.00600485595965619
21.785569190979	0.00601088210473851
21.9021520614624	0.00601888835384235
22.0353946685791	0.00602112675507764
22.1703901290894	0.00602951189629077
22.2983903884888	0.00603261973558802
22.4323072433472	0.00604002386239976
22.550931930542	0.00604221154558534
22.6917819976807	0.00604702217991163
22.8255004882813	0.00605396462570585
22.9486236572266	0.00605876610292411
23.0766315460205	0.0060666522722445
23.197717666626	0.00606923215950876
23.320291519165	0.00607466966202324
23.4588623046875	0.00608293753059283
23.5829000473022	0.0060853083382794
23.7135610580444	0.00609092872117031
23.8362884521484	0.00609677315730845
23.9675464630127	0.00610171708143033
24.0940055847168	0.00610677394670595
24.2248487472534	0.00610709705914091
24.3586177825928	0.00611820796488435
24.4856548309326	0.0061208849678094
24.6122550964355	0.00612961724410421
24.7421941757202	0.006131539875866
24.8696851730347	0.00613745647949615
24.9906225204468	0.00614148213904879
25.1201286315918	0.00614793927521283
25.2539777755737	0.00615154286878566
25.3745450973511	0.00615730483912103
25.5148553848267	0.00616367501162486
25.6360654830933	0.00616545010444519
25.7689695358276	0.00617011706747918
25.8944406509399	0.00617845181145071
26.0239534378052	0.00618324792642263
26.1522092819214	0.00618710628449177
26.2770700454712	0.00619365404192703
26.3984241485596	0.00619601620060157
26.5346965789795	0.00620197882633876
26.6602144241333	0.00620480539357203
26.7902545928955	0.00621396003954693
26.9380788803101	0.00621518438403187
27.0523357391357	0.00622145566655373
27.1759166717529	0.00622244834806079
27.3046560287476	0.00622863834936486
27.4343099594116	0.00623566869874081
27.5610752105713	0.00623926082129272
27.6997318267822	0.00624563080574324
27.8539247512817	0.00625193773069327
27.9975004196167	0.00625503491734347
28.1143426895142	0.00626165709874001
28.225004196167	0.00626519532891459
28.3535203933716	0.00627299147949791
28.4767265319824	0.00627495504476787
28.5961809158325	0.00627858382597196
28.7191219329834	0.00628508620956995
28.8464450836182	0.00628823938409661
28.9789819717407	0.00629591203821126
29.1088914871216	0.00629791729974369
29.2300329208374	0.00630580930090438
29.3601150512695	0.00630954686221996
29.4845876693726	0.00631543767182391
29.613673210144	0.00631772295818656
29.7475452423096	0.00632399534575052
29.8645038604736	0.00632571373459389
29.9937267303467	0.00633018218248395
30.1252279281616	0.00633996559578914
30.2593221664429	0.00633935496138898
30.3770780563354	0.00634733107109584
30.511547088623	0.00635191073616925
30.6341571807861	0.0063567405344678
30.7562637329102	0.00636185298531619
30.9024019241333	0.00636480601081451
31.0300245285034	0.00636901233624033
31.1595592498779	0.00637764994164985
31.2895250320435	0.00638010844871868
31.4138488769531	0.00638389799183933
31.5409822463989	0.00639184441402045
31.6711187362671	0.00639594415587807
31.7956695556641	0.00639891966851464
31.9308681488037	0.00640589005827264
32.0578460693359	0.00640831434051687
32.1877288818359	0.0064139783052514
32.3113250732422	0.0064187011245675
32.4421310424805	0.00642344749004775
32.5677909851074	0.00643143422864173
32.6918506622314	0.00643111712490302
32.8284530639648	0.00643899074614743
32.9661178588867	0.00644126988584217
33.0890636444092	0.00644977089757878
33.225248336792	0.00644999632045595
33.3434391021729	0.00645849591382041
33.4858798980713	0.00646499414998537
33.6033573150635	0.00646706642153093
33.7305240631103	0.00647061187715653
33.8609066009521	0.00647766012278016
33.9912090301514	0.00648118543606089
34.1131553649902	0.00648746743281329
34.2433967590332	0.00649208223263975
34.3651008605957	0.00649569561333485
34.5045490264893	0.00649999693095448
34.6282176971436	0.00650508543977633
34.757251739502	0.00651125923711094
34.8956050872803	0.00651730537909669
35.0228691101074	0.00652283501291562
35.1503200531006	0.00652626644756017
35.2738552093506	0.00652720697962696
35.4063091278076	0.00653435958069462
35.529914855957	0.00654207517162349
35.6687278747559	0.00654369341230138
35.7933464050293	0.00655058587320972
35.9225158691406	0.00655359033488578
36.0470924377441	0.00656048407866928
36.1810817718506	0.00656635590533404
36.3150081634521	0.00656903919628005
36.4341812133789	0.0065755314288219
36.5647754669189	0.00658440993637867
36.6951866149902	0.0065824928941747
36.8193283081055	0.00658816421342744
36.9490509033203	0.00659234839131019
37.0735111236572	0.00659589466819047
37.2138061523438	0.00660631395277012
37.3368282318115	0.00661020542379056
37.4688987731934	0.00661684781574235
37.5999755859375	0.00661846591482379
37.7291297912598	0.00662409560770985
37.8538761138916	0.00663169558256071
37.9829978942871	0.00663434517126331
38.1159820556641	0.00664038424370341
38.2447700500488	0.00664537205715084
38.373685836792	0.00665043079365187
38.5026893615723	0.00665321752641678
38.6262016296387	0.00666034905373579
38.7487850189209	0.00666372926299015
38.8826923370361	0.00666969384557467
39.0106201171875	0.00668120475797332
39.725887298584	0.00670036755715247
39.7994022369385	0.00670582707027083
39.9230480194092	0.0067138323749859
40.0536479949951	0.00671713676208535
40.17848777771	0.00672698519812059
40.3080768585205	0.00672660546694871
40.4465599060059	0.00673002564632657
40.567024230957	0.006736904489689
40.697639465332	0.00674468307665601
40.8280792236328	0.00674974113566818
40.952449798584	0.00675789326873021
41.0775585174561	0.00675940133967909
41.2088260650635	0.00676854082123026
41.3401317596436	0.00677316696467297
41.4648036956787	0.00677777483984621
41.5932731628418	0.00678319071162035
41.7276668548584	0.00678794018816026
41.8567142486572	0.0067960978753442
41.9888172149658	0.00680425759597081
42.115478515625	0.00680509533897086
42.2482357025146	0.00680846842630973
42.3794841766357	0.00682005942385213
42.5078754425049	0.00682020383576201
42.6384449005127	0.00682736389394558
42.7688293457031	0.00683419701370094
42.8938999176025	0.00684473071578303
43.0229396820068	0.00684707707627008
43.1540966033936	0.00684748042822866
43.2745399475098	0.00685942632947964
43.4058227539063	0.00686414925338042
43.5368041992188	0.00687136521531066
43.6717300415039	0.006873345276528
43.8088722229004	0.00687911746344425
43.9293956756592	0.00688665875440559
44.0542488098145	0.00689202802863383
44.1911392211914	0.00690154379897349
44.3218822479248	0.00690639424495481
44.4521503448486	0.0069118502976726
44.5817317962646	0.00691765530973568
44.7111015319824	0.00692540287261898
44.8365345001221	0.00693280325150556
44.9581260681152	0.00693711628631252
45.0953063964844	0.00694304876389611
45.230411529541	0.00694985450648338
45.3547115325928	0.00695673638355982
45.4860820770264	0.00695873074750267
45.6107063293457	0.00697113597553836
45.7405796051025	0.00697225854396443
45.8720321655273	0.00697734393220363
45.9991722106934	0.00698913207206556
46.1309013366699	0.0069964025922344
46.2703418731689	0.00700195318036379
46.4274272918701	0.00700576578915143
46.5847663879395	0.00701503328000989
46.7280101776123	0.00702054107536296
46.8778095245361	0.00702827088941321
46.9995002746582	0.007034451696265
47.1200160980225	0.00704604645796187
47.2622203826904	0.00705144343307305
47.3862285614014	0.00705413005241858
47.5177764892578	0.00706198481422832
47.6506385803223	0.00707565178763385
47.7819137573242	0.0070716895937561
47.9122734069824	0.0070848111219368
48.040189743042	0.00708623779009084
48.155647277832	0.00709578599709091
48.2730674743652	0.00710783512164114
48.3855457305908	0.00711268394280419
48.5229835510254	0.00712071022730808
48.6678256988525	0.00712888021491654
48.8029289245605	0.00713481293094985
48.9113521575928	0.00714112935790698
49.0396289825439	0.00715116257446226
49.1486721038818	0.00715758293536244
49.2715435028076	0.00716502667877046
49.3969192504883	0.00717394433190852
49.5196132659912	0.00718162108813876
49.6480503082275	0.00718654554447822
49.7640972137451	0.00719560833153555
49.8996124267578	0.00720451637681489
50.0279521942139	0.00721372717841079
50.1656150817871	0.00722101366580516
50.2894420623779	0.00723201074781862
50.4211864471436	0.00724009047477797
50.547643661499	0.00724321423020942
50.6759433746338	0.00725141995595482
50.8070316314697	0.00726133567502316
50.9328155517578	0.00726976640706812
51.0586547851562	0.00727963657935364
51.1907806396484	0.00728489577717905
51.3129329681396	0.00729205229563629
51.4481391906738	0.00729946322290617
51.5788822174072	0.00731561129884872
51.7252502441406	0.00732151577027611
51.8527374267578	0.00732834563091333
51.9845008850098	0.00734075382254446
52.1098880767822	0.0073500031877605
52.2368984222412	0.00735807474382267
52.3671169281006	0.00736760078986286
52.4974346160889	0.00737851206735191
52.6199588775635	0.00738518858941497
52.7432537078857	0.00739452681835051
52.8766098022461	0.00740312559822104
53.0119972229004	0.00741588351612519
53.146505355835	0.00742208034860463
53.2711925506592	0.0074340280897859
53.4060840606689	0.00744252497854958
53.5300140380859	0.00744905505097634
53.6614837646484	0.00745915843029572
53.7915859222412	0.00746997403512857
53.9238452911377	0.00748216204384078
54.0551662445068	0.00749010242265148
54.1870861053467	0.00750529628035035
54.3216247558594	0.00751476102722084
54.4514236450195	0.00752495931753375
54.5787220001221	0.00753282561755851
54.7091655731201	0.00753619821128706
54.8388614654541	0.0075544684334667
54.9685230255127	0.00756374002983136
55.0960750579834	0.00757313286920278
55.2318840026855	0.00758982024157078
55.3766021728516	0.0075936847169285
55.5040225982666	0.00761206218198783
55.6263656616211	0.00762270765478748
55.749174118042	0.00763162525955531
55.8781242370605	0.00763866716977966
56.0128536224365	0.00765108955842535
56.137845993042	0.00766107181247366
56.2666320800781	0.00767800146339781
56.3984489440918	0.00768129423590509
56.5271320343018	0.00770289957098374
56.6556015014648	0.00770530231566457
56.7917652130127	0.00771821565204854
56.9203910827637	0.00772704054976044
57.0703544616699	0.00769659483575688
57.1717987060547	0.0076974449407758
57.3026008605957	0.0077095276461748
57.4345664978027	0.0077207022366777
57.5706672668457	0.0077334039274129
57.7235336303711	0.0077416524541166
57.8803005218506	0.00776344759437783
58.0403461456299	0.00776900789867546
58.1769733428955	0.00778490882186713
58.3185920715332	0.00779957196329566
58.4479675292969	0.00781192493191963
58.5615043640137	0.00781852487474557
58.6809329986572	0.00783521563981943
58.8011837005615	0.00785077017688843
58.9185199737549	0.00786057981194246
59.0305042266846	0.00787455909241247
59.1598720550537	0.00789223071551231
59.2876968383789	0.00790639223633472
59.4138851165772	0.00791712136964565
59.5383567810059	0.00793126119635159
59.6601963043213	0.007943444189057
59.7879695892334	0.00796271216438887
59.9161396026611	0.00797861848200543
60.0507354736328	0.00798809955413193
60.1771469116211	0.00800434215642704
60.3115196228027	0.00801775745124044
60.4332942962647	0.0080326712805756
60.564323425293	0.00804873715065911
60.6946773529053	0.00806618641860562
60.819507598877	0.00807955243738995
60.9493713378906	0.00810242182323764
61.0808944702148	0.00811018670907135
61.2015075683594	0.00812816700895286
61.3339500427246	0.00814483810677759
61.4657535552979	0.00815576971670556
61.5938472747803	0.00818044694224459
61.7338752746582	0.00819323617734899
61.8598937988281	0.00821728611704954
62.0057144165039	0.00822912653391127
62.1283378601074	0.00824859937358673
62.2887020111084	0.00826280035523424
62.4264659881592	0.00827682903791245
62.5610103607178	0.00830338978525944
62.6944713592529	0.00831331860018229
62.8116073608398	0.00834077009335065
62.9427051544189	0.00835529492588703
63.0642566680908	0.00837427251854315
63.1845092773437	0.00839401554897964
63.3107509613037	0.00841820332107212
63.4333057403564	0.00843482583352878
63.5899925231934	0.00844805469144422
63.7127647399902	0.00847390897249057
63.8366641998291	0.00848984591507133
63.9570045471191	0.00851356534121898
64.0903816223145	0.00854019893839572
64.217113494873	0.00855544503859462
64.350269317627	0.00858365892555562
64.4720726013184	0.0086043951637717
64.6030464172363	0.00862152468919638
64.7342910766602	0.00864762417505153
64.8591156005859	0.00867609084355215
64.9951210021973	0.00869822489085281
65.1314582824707	0.00872629655643543
65.2596855163574	0.00875073590746675
65.3903579711914	0.00877891436210765
65.5177803039551	0.00880115984554852
65.6490135192871	0.00882930982138581
65.7803153991699	0.00886349013612847
65.8984642028809	0.00888758838435207
66.0351028442383	0.00891252658738171
66.1596603393555	0.00894998489881246
66.2919998168945	0.00897639887129536
66.4279708862305	0.00900279480017494
66.5578536987305	0.00903465616867315
66.6863136291504	0.00906409446487146
66.8182334899902	0.00908853826751344
66.9578628540039	0.0091154617904953
67.0782356262207	0.00914762126711809
67.1997909545898	0.00916876556411358
67.334602355957	0.00918907288194454
67.4760818481445	0.00921015899979368
67.6023216247559	0.00924188931123686
67.7348175048828	0.00926240432361564
67.8607292175293	0.00927564215142411
67.9908218383789	0.00930108948130313
68.1234741210937	0.00932301210416003
68.2526512145996	0.00933262482570104
68.3777160644531	0.00935123176557063
68.5141563415527	0.00936381556030561
68.6451148986816	0.00938514231577073
68.7774620056152	0.00939179115392763
68.9047355651855	0.00940562693035932
69.0334968566895	0.00941976131406721
69.1658210754394	0.00943291143056083
69.2983665466309	0.00944754685884653
69.424201965332	0.00945293813342745
69.5548858642578	0.00945963655439968
69.6871871948242	0.00946580718322934
69.8146781921387	0.00947385364946996
69.9498748779297	0.00948304224509052
70.0825119018555	0.00948938238805942
70.213550567627	0.00948773215152734
70.345890045166	0.00949541472543491
70.4741897583008	0.00950290608466958
70.5994338989258	0.00950851454646341
70.7313423156738	0.00950717271716103
70.8582000732422	0.00951500176267362
70.997200012207	0.00951212548674656
71.1220321655273	0.00951302411142694
71.2555465698242	0.00951916021240207
71.3813858032227	0.00952200159841896
71.4975433349609	0.00952288617678206
71.6335334777832	0.00951831482232633
71.7822418212891	0.00952170285851993
71.9125556945801	0.00951762588434807
72.0412063598633	0.0095206148725204
72.1744728088379	0.00951740216777604
72.3007125854492	0.00952745727694378
72.4300270080566	0.00951949643970248
72.5578727722168	0.0095184115942059
72.6963882446289	0.00952069604227883
72.8340148925781	0.00951599088251597
72.9582405090332	0.00951598940926902
73.0882797241211	0.00951247153017311
73.223934173584	0.0095061108631833
73.347297668457	0.00951048396348082
73.4860572814941	0.00950123363043759
73.6111183166504	0.00950851739507303
73.7404289245606	0.0094966037010956
73.8722534179688	0.00950060468041412
74.003776550293	0.00949495383492826
74.134521484375	0.00948706572800359
74.2652168273926	0.00948747728765706
74.3924598693848	0.00948085754697196
74.5203170776367	0.00948025433578791
74.6525230407715	0.00947668866366889
74.7847709655762	0.00946398037159098
74.9171447753906	0.00946631098015951
75.0483894348145	0.00945878890582412
75.1787300109863	0.0094541785174415
75.2989234924316	0.00945013003989486
75.4314727783203	0.00944205938728336
75.560359954834	0.00943312833467966
75.6993789672852	0.009432395770004
75.8282928466797	0.00941818192669253
75.9519920349121	0.00941097785949963
76.0937080383301	0.00941173315694536
76.2227249145508	0.00940686295900261
76.3497619628906	0.00939286592800799
76.5003471374512	0.00938072454551071
76.6252632141113	0.00937520188801058
76.7551155090332	0.00937323907417328
76.8733787536621	0.00936848357942081
77.0020370483398	0.00935203374133542
77.1396484375	0.00934874533072513
77.2766494750977	0.00934565780283751
77.4009475708008	0.00932948436196975
77.541072845459	0.00933099164434408
77.6631050109863	0.00932078404404457
77.7939109802246	0.00931074580225701
77.9551620483398	0.00930620253500125
78.1125335693359	0.00930265724387359
78.251636505127	0.00928864598352596
78.3804740905762	0.00928492512821132
78.5144271850586	0.00927884246450973
78.6729927062988	0.00926904687736803
78.8272819519043	0.00925935893947416
78.9795455932617	0.00925673850671724
79.1149749755859	0.00924954522032312
79.2513160705566	0.00924500775202313
79.3870887756348	0.00922951771182354
79.5093574523926	0.00922941093350521
79.6215591430664	0.00922010102095925
79.7328681945801	0.00920826957396947
79.8435897827148	0.00920286619700339
79.9640502929688	0.00920329189093321
80.0854835510254	0.00918744240486368
80.1975555419922	0.00918884159444745
80.3261451721191	0.00917930842367364
80.4501152038574	0.00916770519595274
80.5791854858398	0.00915959683786077
80.7012939453125	0.00915192845107655
80.8315773010254	0.00914405688183109
80.960620880127	0.00913918612219636
81.106372833252	0.00907116999067136
81.2126846313477	0.00905321378901429
81.3391952514648	0.0090505311725639
81.469554901123	0.00904297926281616
81.5956611633301	0.00903663691773056
81.718936920166	0.00902766951423562
81.8546142578125	0.00902197896537972
81.9905166625977	0.00901754562133398
82.1118774414062	0.00900625037375449
82.2460594177246	0.009005590179506
82.3779220581055	0.00899283973745974
82.5072822570801	0.00898466107357788
82.6387519836426	0.00898179595016507
82.7643890380859	0.00896706440838945
82.8953094482422	0.00896560454915449
83.0278358459473	0.0089577608722582
83.156120300293	0.00895226153659281
83.290699005127	0.00894339842812365
83.4239768981934	0.00893734750767717
83.5517997741699	0.00892715107802943
83.6780281066895	0.00891827105510991
83.8084983825684	0.00891241663783471
83.9517478942871	0.00890566819374341
84.0765495300293	0.00890037389686578
84.1938018798828	0.00889194905451075
84.3277282714844	0.00888573823536021
84.4777030944824	0.00887618301318173
84.6116142272949	0.0088712843627006
84.7336120605469	0.00886154723800696
84.8617095947266	0.00885666502856948
84.9987373352051	0.00884991757852693
85.138355255127	0.00884007271969386
85.2656135559082	0.00883618409591119
85.4001426696777	0.00882513980981452
85.5258941650391	0.00882335920037237
85.6656913757324	0.00880903098097031
85.7930335998535	0.00880372415420202
85.9271430969238	0.00879672437181079
86.0611991882324	0.00879316812870403
86.1951179504394	0.00878276504883672
86.3225555419922	0.0087735049717482
86.4553031921387	0.00877322220773296
86.5936660766602	0.00876359477849293
86.727954864502	0.00875753751842621
86.8550567626953	0.0087476075024061
86.9960861206055	0.00874341782679804
87.1363945007324	0.00873285733298875
87.270092010498	0.00872667984868544
87.4008483886719	0.00872061912812456
87.5408821105957	0.00871373334143902
87.6774139404297	0.00870568915542843
87.8021583557129	0.00870009431462313
87.9308280944824	0.0086908079206652
88.0628890991211	0.00868438702041051
88.1946678161621	0.00867835392055651
88.3204650878906	0.00866807874495069
88.4516868591309	0.00866157570458213
88.5852203369141	0.00865100576877076
88.7095146179199	0.00864881912827468
88.8427925109863	0.00863882978601068
88.9783248901367	0.00863396786441897
89.1051940917969	0.00862967095572627
89.2393798828125	0.00862248964973141
89.3664398193359	0.00861067476234037
89.4956474304199	0.00860628310330704
89.6341285705566	0.00860325174012361
89.7723121643066	0.00858863751397989
89.9001693725586	0.00858721305907621
90.0359306335449	0.00857560445764497
90.1676139831543	0.00856820385011233
90.3082885742188	0.00856444705571619
90.4246673583984	0.00856121347569191
90.5602645874023	0.00854616537025288
90.6978912353516	0.00854928255829003
90.8269462585449	0.00853978933200295
90.9565162658691	0.00852764056883401
91.0948066711426	0.0085204413471709
91.2448997497559	0.00851756128209066
91.3713645935059	0.00850979401617779
91.5080604553223	0.00849972670226776
91.6455955505371	0.00849011394182212
91.7840118408203	0.00848221662252167
91.9220161437988	0.0084844326294947
92.0534286499023	0.00847398613603396
92.1832389831543	0.00846501010722407
92.3055725097656	0.00846277302814461
92.4406967163086	0.00844684384059163
92.5667266845703	0.00844674445677062
92.7032890319824	0.00843820023803159
92.8290481567383	0.00843371641638456
92.9616775512695	0.00842927811947411
93.0907440185547	0.00841695322915025
93.2233467102051	0.00840684245898269
93.3552627563477	0.00840139734522354
93.4819107055664	0.00839549276451263
93.6203308105469	0.00839044919883895
93.7505035400391	0.00838567645046444
93.8730239868164	0.00837835934293583
93.9963645935059	0.00836953702519277
94.1380920410156	0.00836385762718425
94.2769165039063	0.00835797012625069
94.4074859619141	0.00834924289985835
94.5379638671875	0.00833980141006818
94.6762313842773	0.00833309084147812
94.8019981384277	0.0083322580216573
94.9362945556641	0.00832177713185754
95.0694541931152	0.00831422187540974
95.2036590576172	0.0083072672073428
95.3497848510742	0.00830448736749334
95.4867172241211	0.00829135979683834
95.6206169128418	0.00828630347586938
95.7461624145508	0.00827891272834344
95.8780326843262	0.00827618324128197
96.0102996826172	0.00826822087292774
96.1429595947266	0.00826007066304961
96.2691841125488	0.00825510463036
96.4007873535156	0.0082469878000681
96.5339889526367	0.00824064674913665
96.6622695922852	0.00823279417266677
96.8046684265137	0.00822683492102414
96.9436950683594	0.00822422576128047
97.0534019470215	0.0082147938322277
97.1972618103027	0.00820852627601783
97.3338851928711	0.00819698766775479
97.470458984375	0.00819558989238725
97.5974426269531	0.00818662546749925
97.7307739257812	0.00818669854124311
97.8585166931152	0.00817183041816448
97.9900817871094	0.00816897942032925
98.1239356994629	0.00816219255977174
98.2504959106445	0.00815727028473823
98.3842697143555	0.00815063208015943
98.5412712097168	0.00808796187287341
98.6414451599121	0.00807400934284786
98.7695655822754	0.00806654139241586
98.8923721313477	0.00806236484149847
98.9984092712402	0.00805717022693812
99.0944023132324	0.00805454272141771
99.1719741821289	0.00805556762744468
99.2453536987305	0.00805161050601603
99.3076324462891	0.00804371118322067
99.3672218322754	0.00804858795046349
99.4216003417969	0.00804108351494992
99.4722328186035	0.0080416639132175
99.5166549682617	0.00804248838108299
99.5580596923828	0.00803974759004141
99.5915336608887	0.00803725437601799
99.6258354187012	0.008039168390295
99.6569633483887	0.00803561174116596
99.6812438964844	0.00803450421418895
99.7053527832031	0.00803864609149061
99.7279243469238	0.00803395809437771
99.7456817626953	0.00803701368052977
99.764087677002	0.00803752521700227
99.7811012268066	0.00803448035547732
99.7953796386719	0.00803669539815957
99.8098258972168	0.00803397971532682
99.8232345581055	0.00803621110166656
99.8355484008789	0.00804213788258804
99.8460998535156	0.00803482905213577
99.8570899963379	0.00804120938024254
99.8670806884766	0.00803426584376875
99.8756866455078	0.00803746803312236
99.8834800720215	0.00803521602212448
99.890739440918	0.00803759137602814
99.8982696533203	0.00803909096206654
99.9052810668945	0.00803662031436377
99.9112548828125	0.00803375359889366
99.9166374206543	0.00803663648041157
99.9214859008789	0.00803776890146844
99.9259223937988	0.0080325048237612
99.9308204650879	0.00803798365137987
99.9350280761719	0.00804018304774531
99.9389991760254	0.00803755841681709
99.9426651000977	0.0080355373000899
99.9460945129395	0.00803559613537473
