10.0023155212402	10.3928654292691
10.0013856887817	10.4017926578427
10.5090208053589	10.3556790396028
11.0014019012451	10.3002732878891
11.510630607605	10.2743958959539
12.0210552215576	10.2475445129418
12.514895439148	10.2178145868846
13.0098657608032	10.2022983379998
13.5036935806274	10.1885844875106
14.0005216598511	10.1779067413231
14.5114078521729	10.1649127766337
15.0134162902832	10.1437400225669
15.5069694519043	10.1448751247854
16.0138874053955	10.1383899058374
16.5107688903809	10.1261741374913
17.0167446136475	10.1109314385113
17.5138168334961	10.115085151737
18.0409030914307	10.1070563760429
18.5152759552002	10.0929771116812
19.0418529510498	10.0747362979458
19.5022277832031	10.0881103002675
20.0052337646484	10.0814314744561
20.5080718994141	10.0558008557363
21.0086479187012	10.0536268976815
21.5303764343262	10.0506483916803
22.00221824646	10.0426162225208
22.5212211608887	10.0426152063437
23.0164394378662	10.0456110628973
23.5095081329346	10.0336317781967
24.0070495605469	10.0329577308813
24.5020637512207	10.0244612416924
25.0081920623779	10.0321627475364
25.5118083953857	10.0295419082066
26.0001449584961	10.0313786106374
26.5078716278076	10.0316967791185
27.0100574493408	10.0301577309635
27.5162773132324	10.0380061862912
28.0085926055908	10.0325438735587
28.5053310394287	10.0271090866099
29.0168685913086	10.0368444085017
29.5056629180908	10.037957851025
30.0152931213379	10.0397190936106
30.5088996887207	10.0512942247291
31.0022373199463	10.0412665078137
31.5096855163574	10.0493583985382
32.0028610229492	10.0565260652008
32.5100898742676	10.0502579709367
33.0044555664063	10.0607008781862
33.5098762512207	10.0687675571532
34.0126571655273	10.0732012500826
34.5055274963379	10.0800970853939
35.011344909668	10.0817362798335
35.5255279541016	10.0853170498624
36.0042419433594	10.0962316556984
36.5159530639648	10.1007977391604
37.0020790100098	10.1033878162309
37.5005493164063	10.1098023870127
38.0106887817383	10.1222332826246
38.5057029724121	10.1305196622763
39.0042152404785	10.1317720783976
39.5144844055176	10.141658082142
40.0088882446289	10.1492284545064
40.5036125183105	10.1568304740319
41.0150413513184	10.1671934874738
41.5109519958496	10.1758233551624
42.0100173950195	10.1777426734648
42.502628326416	10.1960868888416
43.0117721557617	10.2131599172404
43.5065422058105	10.210958797519
44.0116996765137	10.2224263085767
44.5052833557129	10.2330034602281
45.0079536437988	10.2478827931434
45.5162506103516	10.2599506849572
46.0069465637207	10.2730133737871
46.500415802002	10.2870625367784
47.0110130310059	10.2951801713972
47.5050964355469	10.3037335355123
48.0143966674805	10.3197457411585
48.5241813659668	10.3330997428363
49.0120162963867	10.3427792451352
49.5007133483887	10.3642576999529
50.0235214233398	10.3644293435492
50.5081825256348	10.3901274557596
51.0003547668457	10.4035258066989
51.511402130127	10.4125444680043
52.006103515625	10.4270461829851
52.5038146972656	10.4550747563153
53.0033988952637	10.4699297401735
53.5023651123047	10.4893201788339
54.0029258728027	10.5037518592906
54.5145568847656	10.5132727058111
55.0090255737305	10.5323403393902
55.5184135437012	10.551051407702
56.0225372314453	10.5701327498479
56.5031433105469	10.5911959284066
57.0059852600098	10.6249907634905
57.5072631835937	10.6387489021898
58.0011825561523	10.6681817755642
58.5012741088867	10.6815901673463
59.0180015563965	10.7146758393633
59.5091171264648	10.7306190580085
60.0078849792481	10.7607117592319
60.5022811889648	10.7882480286169
61.0331153869629	10.811570791136
61.5052337646484	10.8443654996
62.0135459899902	10.8626994748531
62.517635345459	10.8868337337565
63.0090370178223	10.9215554704456
63.5045127868652	10.9521037640336
64.0029754638672	10.9740668489811
64.53271484375	11.0067326406224
65.0070419311523	11.0322162097446
65.5157470703125	11.065389843048
66.0064010620117	11.0870414779517
66.5034332275391	11.1273960756755
67.0158615112305	11.169776981476
67.5092926025391	11.1985565957675
68.0180969238281	11.2411304902496
68.5092544555664	11.2658133149345
69.0223922729492	11.3071936225523
69.5068206787109	11.3433192024795
70.0140151977539	11.3872287626556
70.5130462646484	11.4260650546078
71.0156173706055	11.4714114648627
71.5103149414062	11.5056551611251
72.0079879760742	11.5550039403837
72.5005416870117	11.60024434555
73.0049896240234	11.6561670422577
73.5025482177734	11.7085736851866
74.001579284668	11.7560956020327
74.5102767944336	11.7954691926673
75.0016403198242	11.859192966566
75.500114440918	11.9254638981276
76.0140838623047	11.9783122041499
76.5184020996094	12.0390506975094
77.0117874145508	12.0918493542771
77.5085754394531	12.1597172398517
78.0251770019531	12.233164867471
78.5063095092773	12.3060400141209
79.0108642578125	12.373194055794
79.522102355957	12.4387998667613
80.0066070556641	12.5038009011733
80.5068283081055	12.5680505612733
81.0009231567383	12.6419070845549
81.5156173706055	12.707113008088
82.0013961791992	12.7773491325164
82.5025177001953	12.8254842563979
83.0043029785156	12.8619447872726
83.5036697387695	12.9062352098528
84.0045471191406	12.9466739128574
84.5144195556641	12.966730288156
85.006721496582	12.9701142340183
85.5005111694336	12.9788839645001
86.0306167602539	12.9683511971501
86.5218276977539	12.9683319490873
87.0115585327148	12.9502904121889
87.5113220214844	12.9321083174303
88.0027389526367	12.9002353396289
88.5310592651367	12.8806887994883
89.0107040405273	12.855206291362
89.5033569335938	12.8337024861081
90.031135559082	12.7966144855486
90.5011444091797	12.7685254270833
91.005500793457	12.7319687588808
91.5124359130859	12.7112054804623
92.0023880004883	12.6766697233918
92.5047607421875	12.6430235182
93.0077896118164	12.6123708329884
93.5089492797852	12.5760126631968
94.0136795043945	12.5470977953477
94.5015258789063	12.5194735658461
95.0017700195313	12.4731330857067
95.5079879760742	12.4394790957612
96.007682800293	12.4024144456497
96.5067596435547	12.376620018249
97.0090408325195	12.3393039334818
97.5101776123047	12.29191223349
98.0085220336914	12.2596230682213
98.5025024414062	12.2214298179648
99.0012435913086	12.1854229768012
99.5058059692383	12.1546577399303
100.010383605957	12.1074887160988
100.503143310547	12.0713814173419
101.010643005371	12.0533665117623
101.500045776367	12.0097690236391
102.006126403809	11.9722127710322
102.508415222168	11.9475597435338
103.006355285645	11.9139196572112
103.512008666992	11.8764408108453
104.018646240234	11.8353341328095
104.510879516602	11.7979335352752
105.010322570801	11.7636348398371
105.50798034668	11.7325738691032
106.031860351562	11.696808184359
106.502838134766	11.6551237639265
107.009590148926	11.608178249384
107.500793457031	11.5811179536823
108.009086608887	11.5514353741029
108.500640869141	11.5145004824377
109.009254455566	11.4833888581973
109.514335632324	11.4302637694958
110.02222442627	11.4076099170712
110.513031005859	11.3768136885093
111.007331848145	11.3410008623311
111.51261138916	11.3059675766552
112.006149291992	11.2709447112632
112.501663208008	11.238243001041
113.008888244629	11.2107502259517
113.516258239746	11.1768359224631
114.000175476074	11.1501503304013
114.50609588623	11.1051969233777
115.004440307617	11.0795670671757
115.51212310791	11.0405775032579
116.002578735352	11.0054373796573
116.519157409668	10.9827720294209
117.000465393066	10.9375949504287
117.506080627441	10.905072921125
118.012535095215	10.8739998167735
118.511100769043	10.8590667963137
119.014549255371	10.8193957180335
119.501586914062	10.7814213741508
120.01309967041	10.7553320775007
120.506492614746	10.7273579310046
121.015998840332	10.6935241292984
121.505004882812	10.6643021270543
122.005416870117	10.6332343255524
122.511070251465	10.5954850242093
123.008377075195	10.5718011038063
123.511260986328	10.5355430874756
124.025421142578	10.5072122076889
124.501342773437	10.4774894963122
125.011291503906	10.4390176189403
125.518028259277	10.4138311214493
126.016830444336	10.3805397024034
126.507286071777	10.3462798189142
127.010559082031	10.3355344724642
127.532501220703	10.2981720777397
128.018157958984	10.26381289748
128.522247314453	10.2308021990573
129.007843017578	10.2185657215167
129.510894775391	10.1870614350068
130.003265380859	10.1535862651316
130.507766723633	10.1159170544649
131.014068603516	10.0869241492662
131.511810302734	10.0627963180658
132.011596679688	10.0326844053079
132.515747070312	10.0078606172626
133.003051757812	9.98370297669372
133.507949829102	9.94965307725035
134.005859375	9.92023233271646
134.502304077148	9.8912343275601
135.00422668457	9.85608258742574
135.504837036133	9.83953811107733
136.000732421875	9.80881791541363
136.529418945312	9.77996025219002
137.033813476562	9.74930994319425
137.515914916992	9.73017400802434
138.001983642578	9.70269913505882
138.509170532227	9.66520715817942
139.005783081055	9.65103952278871
139.50244140625	9.6259929454834
140.0087890625	9.60027411963959
140.50813293457	9.57170559956904
141.007736206055	9.54120200372026
141.538986206055	9.51477047644104
142.014022827148	9.49303962288828
142.505737304688	9.4665760005931
143.012283325195	9.44444288102049
143.501510620117	9.41994958889064
144.010971069336	9.38191715538325
144.553161621094	9.35838266811699
145.000228881836	9.34689572325317
145.501388549805	9.32570150810836
146.018798828125	9.2924107016717
146.513320922852	9.27697176429813
147.004180908203	9.24934166471146
147.561157226562	9.22040388649935
148.003677368164	9.19298129508024
148.504165649414	9.18229799856071
149.012176513672	9.14544253859423
149.505218505859	9.1259809825785
150.008392333984	9.10043208180156
150.514846801758	9.07739507032033
151.009628295898	9.05115606641473
151.504272460938	9.02458980267428
152.004135131836	8.99668519586129
152.512542724609	8.9678108678768
153.00749206543	8.95541175841612
153.505249023438	8.92424729095916
154.011962890625	8.90827684227422
154.513076782227	8.88968236171924
155.001190185547	8.86425832168993
155.508560180664	8.83600859316592
156.001968383789	8.81237598810481
156.506713867187	8.80039534125921
157.017044067383	8.77766932298426
157.502777099609	8.7454941398751
158.001754760742	8.73155924310393
158.502990722656	8.7070030878416
159.004516601562	8.69054791555719
159.508743286133	8.65770705720429
160.022323608398	8.63554951694378
160.513549804687	8.61661748959227
161.001312255859	8.59797821843575
161.510025024414	8.58100879345777
162.002182006836	8.55854921412587
162.500961303711	8.54213228642008
163.023361206055	8.51678072516412
163.51171875	8.48995332414407
164.021514892578	8.47710379022007
164.513412475586	8.45111477015502
165.015380859375	8.42079777766817
165.501205444336	8.40315620179883
166.025527954102	8.38246165768309
166.513961791992	8.35378431807614
167.010513305664	8.33713038163764
167.508117675781	8.32805910057889
168.014831542969	8.30046056355787
168.510238647461	8.27569539868724
169.005661010742	8.25808458566071
169.512939453125	8.2400878861034
170.01399230957	8.21697080214584
170.502182006836	8.19472050315572
171.003967285156	8.16915589490796
171.504028320313	8.15917945865256
172.003219604492	8.14274685073573
172.506927490234	8.12314095987093
173.026794433594	8.10249452577325
173.514923095703	8.07608676901787
174.004272460938	8.05956910495934
174.500305175781	8.03814302585341
175.006500244141	8.02054986076899
175.501800537109	7.99649207456833
176.003326416016	7.9836352784469
176.50895690918	7.9614364888536
177.01708984375	7.94488328578014
177.50553894043	7.92940019394153
178.015182495117	7.90381421072621
178.509872436523	7.88703694288854
179.014907836914	7.86198038509089
179.506423950195	7.84851593481635
180.030868530273	7.82824701251028
180.507919311523	7.82117434673747
181.00798034668	7.79952789461634
181.514465332031	7.77795435148001
182.01237487793	7.75493602229414
182.50634765625	7.738321676156
183.005187988281	7.72234792398676
183.505493164062	7.69737051906886
184.002548217773	7.67760107483981
184.513549804687	7.661867867471
185.030944824219	7.65311584634971
185.515930175781	7.63811824204198
186.008941650391	7.6086256656812
186.501541137695	7.59821388337109
187.006637573242	7.57227160317144
187.513305664062	7.5554532850809
188.015472412109	7.54030300037236
188.502044677734	7.5166073094691
189.006317138672	7.50161105652089
189.513885498047	7.4905000219254
190.012939453125	7.47887623514468
190.50993347168	7.46562225750535
191.010528564453	7.44293092364049
191.500122070313	7.42103005986413
192.004043579102	7.40426029156867
192.506103515625	7.38439419994357
193.003677368164	7.37510190299738
193.504165649414	7.34694500526921
194.008392333984	7.34087752546615
194.529357910156	7.32296200679463
195.002456665039	7.31307275086602
195.510040283203	7.29459592611251
196.014175415039	7.26081659584975
196.501602172852	7.24822823274367
197.000350952148	7.23650519785514
197.50830078125	7.21839179040143
198.013107299805	7.19821959213806
198.506225585938	7.18308823169624
199.004592895508	7.16975012740667
199.502807617187	7.14575871943829
200.006652832031	7.14008718626363
200.506591796875	7.11916512446393
201.0068359375	7.10037311771354
201.555236816406	7.08805232516332
202.009750366211	7.07489096739725
202.524612426758	7.05698677140819
203.000381469727	7.04470821897488
203.523315429687	7.0185789854379
204.014709472656	7.00970729229687
204.505279541016	6.99467061477205
205.011413574219	6.97385237449824
205.510482788086	6.97259582842997
206.011367797852	6.93577443841197
206.503189086914	6.9326147084049
207.003936767578	6.91849524792583
207.508041381836	6.90356731177553
208.017242431641	6.88647950793402
208.518295288086	6.86650867578253
209.025161743164	6.85351252186369
209.510757446289	6.83753147489644
210.012573242187	6.8277840976735
210.501602172852	6.80061761003026
211.010940551758	6.78820868476464
211.500946044922	6.77877843069223
212.00617980957	6.76556967713591
212.508682250977	6.74897482987731
213.006362915039	6.73849245991596
213.51628112793	6.72071692584036
214.029815673828	6.70304286952347
214.504333496094	6.69570984431468
215.010604858398	6.67339991543855
215.528076171875	6.65928512876627
216.005798339844	6.64860966193231
216.503677368164	6.62999207603627
217.009292602539	6.6185067387641
217.510070800781	6.60581149756822
218.00407409668	6.58903593038986
218.503936767578	6.58715620036348
219.013046264648	6.55635930782594
219.514511108398	6.54691450424867
220.006698608398	6.5358716503968
220.514526367187	6.51471410491135
221.011688232422	6.50432872156665
221.51350402832	6.48262646937458
222.003219604492	6.47097637887792
222.512329101562	6.45153063604153
223.00065612793	6.43300635831501
223.507858276367	6.42916594984096
224.022079467773	6.40749091276311
224.50910949707	6.3976800758716
225.005157470703	6.38428501705008
225.51399230957	6.37360632523579
226.011749267578	6.35286966211041
226.510787963867	6.33647662820339
227.018768310547	6.32688212447518
227.508255004883	6.32047423500748
228.005218505859	6.30371874844841
228.501235961914	6.28243268598399
229.006973266602	6.26695206633867
229.502105712891	6.25927886105867
230.006240844727	6.24172070744222
230.504852294922	6.23079738068467
231.017791748047	6.21776463596588
231.51496887207	6.207607967333
232.012359619141	6.19933768933427
232.501541137695	6.1864809046801
233.006393432617	6.17111039810229
233.514022827148	6.16106917334993
234.013916015625	6.14972595783933
234.502258300781	6.1507783307
235.013847351074	6.13478818315592
235.507781982422	6.12524839661826
236.011871337891	6.11214280535257
236.504455566406	6.09335596877217
237.017639160156	6.08744214331347
237.505004882813	6.07514744421901
238.011581420898	6.06087550169797
238.500045776367	6.05355686800784
239.005752563477	6.0350253092493
239.509307861328	6.03174320767333
240.003494262695	6.01539139525554
240.50520324707	6.00332882961051
241.000213623047	5.99196030558455
241.504272460938	5.98130809500315
242.007553100586	5.96466545236036
242.50163269043	5.96419598957727
243.005447387695	5.94549781197554
243.512512207031	5.9317432083932
244.01091003418	5.91495920553892
244.508361816406	5.91341166588652
245.000381469727	5.89545982154556
245.531784057617	5.88600235475457
246.004653930664	5.87510385693967
246.50244140625	5.8682610577726
247.012176513672	5.84064029618943
247.515243530273	5.83875194299618
248.004257202148	5.83382945711924
248.506973266602	5.814731372017
249.020706176758	5.80159966303237
249.506301879883	5.79512263875148
250.001541137695	5.77897086068625
250.523086547852	5.77258044038972
251.012191772461	5.75957873462208
251.510757446289	5.7489793451365
252.010131835938	5.74438650234224
252.511459350586	5.72945307217611
253.015518188477	5.72112862200398
253.515441894531	5.69633477596735
254.01628112793	5.69118808151288
254.500900268555	5.68074396334678
255.010513305664	5.66662625229281
255.508331298828	5.64895955663127
256.036346435547	5.63892164535661
256.516662597656	5.63711754158877
257.002593994141	5.62839633597261
257.502349853516	5.6199697551475
258.013671875	5.60643228331202
258.506622314453	5.60022953472073
259.004180908203	5.5804027213088
259.510650634766	5.57822796559656
260.014282226562	5.56554357467617
260.506134033203	5.55696371825579
261.013549804687	5.54831683108759
261.512725830078	5.53019778691773
262.014953613281	5.52033991336312
262.519012451172	5.5123737302694
263.009033203125	5.49807284494113
263.506805419922	5.48902116934088
264.015960693359	5.47879352306011
264.500915527344	5.46687560392962
265.010009765625	5.45502301848762
265.509765625	5.44449898391271
266.000305175781	5.42575041388652
266.505462646484	5.42185950450278
267.016815185547	5.41852521850836
267.511138916016	5.40333761998915
268.010559082031	5.38882242840134
268.515289306641	5.37467868405307
269.002838134766	5.37728064878909
269.509033203125	5.36299968801402
270.001525878906	5.35200057914891
270.506805419922	5.33829313066166
271.013244628906	5.33344753232255
271.506072998047	5.31739350131373
272.006988525391	5.3121763012953
272.504760742187	5.29448230807866
273.003997802734	5.29273852959426
273.514282226562	5.27724885193909
274.008544921875	5.26954793239531
274.512573242187	5.25252627017986
275.027893066406	5.2519562464756
275.513092041016	5.24113461860669
276.012573242187	5.24070716964877
276.507354736328	5.22850414910999
277.004730224609	5.21110814361431
277.528228759766	5.20471005372861
278.013641357422	5.19527535378949
278.513458251953	5.18834830641833
279.068115234375	5.18002423915801
279.500610351562	5.16893396160322
280.003997802734	5.1709240929701
280.512542724609	5.15161570718016
281.001281738281	5.14358730337494
281.502960205078	5.13653944462528
282.009765625	5.11668648220803
282.500183105469	5.12040531476349
283.010101318359	5.09786270574797
283.505676269531	5.09883342413206
284.002868652344	5.09007594068895
284.506469726562	5.0723680693543
285.027404785156	5.06038078064474
285.504547119141	5.05676288289726
286.012969970703	5.04730185116916
286.512786865234	5.03600717123222
287.015350341797	5.02970262081815
287.501556396484	5.02096560706819
288.001434326172	5.01070241915409
288.507904052734	5.00522790842951
289.014953613281	4.99575766136942
289.5048828125	4.98522207887785
290.000915527344	4.97569792880258
290.500579833984	4.97088696635375
291.000549316406	4.96116727823739
291.506774902344	4.95835700267317
292.013854980469	4.94474771456948
292.508056640625	4.94231975386309
293.000793457031	4.9262896573295
293.514770507812	4.9171706720368
294.001922607422	4.90981141252473
294.508819580078	4.90178064817076
295.002258300781	4.89678490051076
295.507263183594	4.87760580615298
296.013977050781	4.87646567348558
296.503570556641	4.86964230433812
297.01513671875	4.85544779132534
297.520385742188	4.85683284387427
298.014923095703	4.84917139339979
298.516235351562	4.82465926592429
299.006958007812	4.8194272448804
299.505950927734	4.80173586594503
299.911437988281	4.7923651672754
