10.00069666	0.01428631
10.2753377	0.01428971
10.80437183	0.01427763
11.31059265	0.01427172
11.65464115	0.01425948
12.1519289	0.01423157
12.67098665	0.0142364
13.19950199	0.01421655
13.89540434	0.01419147
14.4302454	0.01418819
14.96329784	0.0141836
15.48656511	0.014194
15.83119965	0.01418999
16.19668007	0.0141748
16.58066082	0.01418209
17.1761713	0.0141787
17.7456913	0.01417982
18.24607658	0.01415804
18.76816463	0.014178
19.29904366	0.0141737
20.01832485	0.01418453
20.57041264	0.01418646
20.92447662	0.01416717
21.45199299	0.0141849
21.96943188	0.01419446
22.30536938	0.01421692
22.64030266	0.01421698
23.01215553	0.01423161
23.41146088	0.01423266
23.93309021	0.01422872
24.5984354	0.01428084
25.12533474	0.01429499
25.48207951	0.01429746
25.82031727	0.01429966
26.19114971	0.01433023
26.55560112	0.01434422
27.05578613	0.01438735
27.75737476	0.01443245
28.47042942	0.01447179
29.19209862	0.01453321
29.90179539	0.01459004
30.60012722	0.01462031
31.31115532	0.01467072
32.03984737	0.01474235
32.58751297	0.01476221
32.93388367	0.01479341
33.29213905	0.01483021
33.85164452	0.01487149
34.38931465	0.01489217
34.92982101	0.01494802
35.4934082	0.01497797
36.0140419	0.01500071
36.51563072	0.0150118
36.86512184	0.01502192
37.24365616	0.01504128
37.61189651	0.01505491
37.95113182	0.01505335
38.30661011	0.0150851
38.66445732	0.01506382
39.01157951	0.01506604
39.37777519	0.01506434
39.74656868	0.01508755
40.10138702	0.01504579
40.43881989	0.01506688
40.77510071	0.01505794
41.11406708	0.01503798
41.48023033	0.01502982
41.87119865	0.01502915
42.24312782	0.01501835
42.60453987	0.01500069
42.96334839	0.01498667
43.33860397	0.0149578
43.70090675	0.01490519
44.04160118	0.01491414
44.40816116	0.01486917
44.76439285	0.01485479
45.28982544	0.01479934
45.83853912	0.01478962
46.20022202	0.01476867
46.71808434	0.01471857
47.25747871	0.01467763
47.64854813	0.01465146
48.04583549	0.01463443
48.42632866	0.01460682
48.79534149	0.01457116
49.14871407	0.01451899
49.48892784	0.01452182
50.03494835	0.01443618
50.75035858	0.01440231
51.49471855	0.0143282
52.24837494	0.01426544
52.94034195	0.01421153
53.46837044	0.01418818
53.83587646	0.01413926
54.18458176	0.01410706
54.56488419	0.01409699
54.9668293	0.014074
55.33410645	0.01403408
55.67667198	0.01401137
56.03656387	0.01398867
56.41819191	0.01397014
56.78258514	0.01394409
57.13045502	0.01390708
57.47261047	0.01388251
57.8273716	0.01384927
58.20894432	0.01381384
58.58874893	0.01380561
58.94782066	0.01378231
59.31911659	0.01375261
59.70957947	0.01370446
60.09375572	0.01370769
60.45608902	0.01365944
60.81982803	0.01364735
61.41164207	0.01359836
61.97847939	0.01356921
62.3176918	0.01354423
62.8785305	0.01349214
63.42878342	0.01346861
63.77373123	0.01342953
64.17969894	0.01340513
64.75919342	0.01335359
65.28313828	0.01332954
65.64032745	0.01332117
66.19795227	0.01327931
66.94748688	0.01320196
67.71305084	0.01318267
68.4560051	0.01312243
69.17342377	0.01305674
69.73507309	0.01305278
70.29464722	0.01298325
70.83174896	0.01296403
71.19979477	0.01294245
71.56348038	0.01293152
71.98776245	0.01288864
72.41122055	0.01288238
72.74747086	0.01285217
73.10374832	0.01283167
73.46652603	0.01279241
73.84582138	0.01275869
74.22181702	0.01274293
74.56069565	0.0127118
74.92830658	0.01269171
75.31583023	0.01267566
75.70368958	0.01265303
76.07332993	0.01261937
76.43948746	0.01258121
76.80522537	0.01257567
77.18204498	0.01254481
77.75479507	0.01248473
78.49544144	0.01245412
79.04046631	0.01241186
79.40808487	0.01239855
79.79570007	0.01235164
80.3421936	0.0123061
81.10015488	0.01225033
81.87361526	0.01220652
82.41889572	0.01218873
82.79265976	0.0121661
83.16934967	0.01213473
83.52669144	0.01210479
83.93367767	0.01208739
84.5707016	0.01202183
85.15296173	0.01199552
85.50886917	0.01197244
86.08090973	0.01190317
86.82881927	0.01187814
87.36413956	0.01185615
87.69941711	0.01182263
88.13906097	0.01179434
88.59879684	0.01175089
88.95088959	0.0117397
89.3282547	0.01170518
89.71353912	0.01167091
90.13952637	0.01166208
90.75569534	0.01161479
91.4825592	0.01155008
92.0403862	0.01151504
92.64768219	0.01146753
93.22914124	0.0114497
93.58498001	0.01142267
93.96773529	0.01139922
94.35203552	0.01135539
94.72000885	0.01133948
95.09169006	0.01131009
95.45188141	0.01128292
96.09449768	0.01122409
96.93143463	0.01118985
97.50043488	0.01116099
97.89590454	0.01113574
98.28075027	0.01109367
98.63639832	0.01108699
99.00695419	0.01104342
99.60404968	0.01100278
100.3951721	0.01093061
101.1857452	0.01090149
101.9787216	0.01083965
102.5787163	0.01080982
102.956295	0.01076829
103.3167038	0.01076048
103.6894379	0.01072542
104.2572784	0.01067679
105.0092163	0.01063608
105.58601	0.01060853
105.9901047	0.01057032
106.3907509	0.01054363
106.7744751	0.01053627
107.1767159	0.01048974
107.7564583	0.01046318
108.5036736	0.01040485
109.3151855	0.01035728
109.9366798	0.01032244
110.5389519	0.01028207
111.3474083	0.01022622
111.9444466	0.01019517
112.3219681	0.01017207
112.706646	0.01016289
113.0829277	0.01012732
113.4560547	0.0100871
113.8691368	0.01006457
114.2711143	0.01004776
114.6362648	0.01003075
115.1956902	0.00996852
115.9464912	0.00994521
116.7594719	0.00988108
117.3785934	0.00984623
117.7385597	0.00982498
118.1158905	0.00979961
118.5161018	0.00978432
118.9359932	0.00976779
119.3591309	0.00973781
119.7440643	0.00971253
120.1166878	0.0097009
120.4968262	0.0096803
120.8818817	0.00966056
121.2912064	0.00961991
121.6957626	0.00959793
122.1122971	0.00956964
122.6884651	0.00954747
123.4381638	0.00948312
124.0058441	0.00945783
124.3613396	0.0094413
124.7244339	0.00942656
125.1357765	0.00940876
125.5492859	0.0093675
126.105629	0.00933064
126.9084244	0.00927597
127.5097847	0.00926239
127.8837242	0.00923916
128.28862	0.00920836
128.6710892	0.00919608
129.028511	0.00917592
129.5934525	0.00912796
130.3532333	0.00909617
130.9304199	0.00906022
131.3850555	0.00903782
131.8470993	0.00901831
132.4295959	0.00898692
132.996048	0.00896455
133.3779602	0.00893733
133.74189	0.00891107
134.1111984	0.00890154
134.7001038	0.00885904
135.3125229	0.00884199
135.884491	0.00880306
136.631897	0.0087565
137.4783096	0.00873102
138.1247101	0.00869873
138.4868851	0.00867101
138.8677368	0.008654
139.256485	0.00864297
139.6524811	0.00862212
140.0415192	0.00859896
140.4007111	0.00857899
140.7636185	0.00855943
141.1463089	0.00854283
141.536705	0.0085209
142.1369095	0.00848054
142.9298325	0.0084474
143.4945297	0.00841905
143.8632813	0.00840932
144.2717133	0.00839537
144.691391	0.0083786
145.0446548	0.00835375
145.6217117	0.00831977
146.2240829	0.00829627
146.8038101	0.00826413
147.4004593	0.00824236
147.9913254	0.00821661
148.7475967	0.0081711
149.505806	0.00813167
150.0832672	0.00811242
150.4980927	0.00810332
150.9332275	0.00808314
151.3229065	0.00807352
151.7264481	0.00804972
152.3272476	0.00801924
153.0752563	0.00798992
153.8340836	0.00795962
154.5984726	0.0079126
155.1557465	0.00789661
155.5823975	0.00787965
156.1989975	0.00784505
156.9390411	0.00782284
157.5317841	0.00779944
158.1882172	0.0077663
158.9916687	0.00774369
159.7669296	0.00769303
160.3398438	0.0076939
160.9646225	0.00765116
161.8075485	0.00762592
162.3951797	0.00761229
162.7731552	0.00759816
163.1297989	0.00757152
163.4875793	0.00756411
163.8942871	0.00753984
164.4780655	0.00751561
165.2283478	0.00748131
165.8244858	0.00746618
166.2090607	0.00744801
166.5941925	0.00744308
167.0051651	0.00742861
167.4211044	0.0074188
167.8089218	0.00739507
168.3710709	0.00736718
168.93927	0.00734996
169.3076172	0.00733696
169.8639603	0.00730762
170.6496201	0.00728843
171.2746582	0.00726702
171.7120209	0.00724746
172.1346436	0.0072434
172.5129776	0.00721774
172.8817444	0.00720955
173.2508545	0.00719575
173.6507339	0.00718951
174.0794601	0.00717532
174.6518326	0.00713671
175.4185715	0.00710986
176.2116776	0.00707842
176.7841797	0.00706577
177.1805191	0.00705926
177.5774002	0.00704084
177.966629	0.00702632
178.3794327	0.00702689
178.7765274	0.00700029
179.3576202	0.00698684
180.1651764	0.00695
180.7985306	0.00692804
181.411377	0.00690892
182.0022812	0.00690695
182.6037903	0.00687486
183.3787231	0.00684569
183.9557037	0.00683524
184.5693359	0.00681483
185.3573914	0.00678018
185.9434052	0.006781
186.5088272	0.00675854
187.0754471	0.00674371
187.4700851	0.0067224
187.8775482	0.00671056
188.2758484	0.00670649
188.6378708	0.00668362
189.2353363	0.00666114
190.0430603	0.00663367
190.6527481	0.00662233
191.0621033	0.00661355
191.6599197	0.00658749
192.2455368	0.00658717
192.6232376	0.00656713
192.9987793	0.00655387
193.5842667	0.00652989
194.3784561	0.00650503
194.9615326	0.00650627
195.3596497	0.00648445
195.9324951	0.00646152
196.6912003	0.00643673
197.2680359	0.00642975
197.8255615	0.00642188
198.591835	0.00640385
199.2246246	0.006388
199.6424255	0.00636854
200.0104141	0.00635299
200.4040527	0.00634857
200.794693	0.00633607
201.1889877	0.00631858
201.5825729	0.00630726
202.1621323	0.0063035
202.940506	0.00627319
203.7398071	0.00625302
204.3381577	0.00624727
204.7448502	0.00623419
205.1666794	0.00622253
205.5552444	0.00621902
206.170929	0.00618454
206.9752121	0.00616456
207.7236252	0.00615319
208.4766998	0.00612142
209.0537872	0.00611171
209.4261169	0.0061021
210.0542374	0.00609231
210.8769989	0.0060693
211.6422501	0.00604022
212.2571259	0.00603456
212.6772156	0.00602212
213.068512	0.00601567
213.4656982	0.00602482
213.8903427	0.00600227
214.3290253	0.00598521
214.9120407	0.00596724
215.7060852	0.00595255
216.3035507	0.00593874
216.6528168	0.00593134
217.0629196	0.00591639
217.5015564	0.00592754
218.0773697	0.00589668
218.8614273	0.00586721
219.6309738	0.00585302
220.4178391	0.00583507
221.0281372	0.00582977
221.5450287	0.00580749
222.1154556	0.00580062
222.7032928	0.0057881
223.4473267	0.00577192
224.0169067	0.00576426
224.3804779	0.00575027
224.747139	0.00574172
225.1697464	0.00574866
225.6112823	0.00572375
226.1780624	0.00570989
226.9671631	0.00569313
227.7621307	0.00566957
228.340332	0.00566389
228.7895966	0.00565539
229.2474442	0.00566052
229.6486969	0.00563913
230.0095139	0.00564265
230.5860062	0.00561417
231.3408737	0.00559102
232.0986099	0.00557653
232.7074661	0.00556811
233.1169662	0.00556684
233.5605698	0.00555743
234.1544571	0.00554815
234.8850708	0.00553315
235.4470749	0.00551445
235.8397598	0.0055041
236.2807388	0.00550104
236.8715897	0.00548157
237.6061859	0.00548617
238.3871765	0.00544889
238.9956818	0.00544163
239.3925629	0.00543832
239.7695999	0.00544383
240.1258469	0.00541951
240.5241394	0.00541221
241.1348877	0.00539409
241.8811035	0.00539302
242.4477081	0.00537815
242.8612137	0.00536785
243.2596893	0.00535904
243.6262283	0.00535095
244.033432	0.00534064
244.4490967	0.00533477
245.0047684	0.00532458
245.7832718	0.00530488
246.3709183	0.00529533
246.7410965	0.00529009
247.1396103	0.00528455
247.5365753	0.00527645
247.9306107	0.00526872
248.5276489	0.00527444
249.3098221	0.00524757
249.8864288	0.00523437
250.2781143	0.0052266
250.6897125	0.00521988
251.1430969	0.0052137
251.5729294	0.00521571
252.1611176	0.00519022
252.7408371	0.00518795
253.0961838	0.00518547
253.4646072	0.00519114
253.8789825	0.00517568
254.2821274	0.00516488
254.6431046	0.00515249
255.2363281	0.00513988
256.0254593	0.00512266
256.7954407	0.00511007
257.3715668	0.00510276
257.739563	0.00509917
258.1380157	0.00509223
258.7430725	0.00508052
259.5317841	0.00506516
260.3346252	0.00505253
261.1045685	0.00503773
261.8638916	0.00502682
262.6929474	0.00501713
263.3598785	0.00500702
263.9717102	0.00499479
264.7308655	0.00498395
265.5060883	0.00497704
266.0976868	0.00497468
266.4775848	0.00495631
266.8753815	0.00495447
267.2671356	0.00494263
267.6279449	0.00493807
268.0356293	0.0049305
268.6638336	0.00492014
269.4213409	0.00490453
269.9599762	0.00489859
270.350647	0.00489237
270.7378693	0.00488643
271.1239624	0.00488632
271.7439575	0.00486838
272.5312042	0.00486994
273.0793762	0.00486128
273.4625092	0.00484124
273.8620148	0.00484828
274.2485962	0.00484984
274.8388672	0.00482298
275.7056732	0.00480428
276.5562134	0.00479585
277.3018036	0.00478538
278.0565948	0.00477574
278.8257141	0.00476042
279.586319	0.00474774
280.3573456	0.00473862
281.1188354	0.00472765
281.8869476	0.00471723
282.6681519	0.00470432
283.4426422	0.00469069
284.2229767	0.00468381
285.003067	0.00467254
285.5873871	0.00466823
285.9879761	0.00466273
286.3800964	0.00465518
286.7494354	0.00464906
287.3429871	0.00463936
288.1147308	0.00463082
288.6949158	0.00462411
289.0909271	0.00461743
289.409729	0.00461351
289.8321228	0.00460967
290.529541	0.00460283
291.1150208	0.0046006
291.4853821	0.00459083
291.8644562	0.00458404
292.2271881	0.0045799
292.7754822	0.00457815
293.5926361	0.0045616
294.4257355	0.00456325
294.9884796	0.00455777
295.3746948	0.00453987
295.7615509	0.00453499
296.2920532	0.00452713
296.9784088	0.00451874
297.6079254	0.00451604
298.1109161	0.00450379
298.4078827	0.00450905
298.5619812	0.00452029
298.7032166	0.00451641
298.84375	0.00450968
298.966156	0.00449858
299.0647888	0.00449319
299.1609802	0.00449237
299.2509918	0.00450418
299.3216553	0.0045095
299.3847961	0.00450856
299.4460449	0.00450808
299.5069122	0.00448823
299.5596619	0.00448783
299.602951	0.00448558
299.6414948	0.00449459
299.6778564	0.00448684
299.7121429	0.00448476
299.742218	0.00448379
299.7687531	0.00448364
299.7945099	0.00448218
299.8176422	0.00448891
299.836792	0.00449028
299.8634033	0.00448017
299.885376	0.00448143
299.8978577	0.00448342
299.9106445	0.00448155
299.9222412	0.00449491
299.9345703	0.00448528
299.9446716	0.00450122
299.9565735	0.00448251
299.9672699	0.0044794
299.9738312	0.00448153
299.9837646	0.00447983
299.993866	0.00449202
300.0011597	0.00448224
300.0063782	0.00447816
300.0094147	0.0044891
300.0132904	0.00447974
