9.997721672	0.00844148
10.28924942	0.0084672
10.66888905	0.00849487
10.99204969	0.00853248
11.5053277	0.00867865
12.02314377	0.00875907
12.35765362	0.00885878
12.70318079	0.00894281
13.06014442	0.00902818
13.42094946	0.00912232
13.75820637	0.00921608
14.0863409	0.00933284
14.44365931	0.00940945
14.9734869	0.00960518
15.70656586	0.00980698
16.28132725	0.00988743
16.66426849	0.01000187
17.03118896	0.01010442
17.39319515	0.01021035
17.76889133	0.0102974
18.11644173	0.01040465
18.46551704	0.01052105
18.80541801	0.01062342
19.12647057	0.01069943
19.48399448	0.01079958
19.84453487	0.01093364
20.182868	0.01103543
20.72860909	0.0112609
21.27074432	0.01138593
21.62030602	0.01151876
21.98685741	0.01165713
22.33744717	0.01178715
22.67011929	0.01189118
23.00000477	0.01204469
23.3549242	0.0121845
23.71243763	0.01231494
24.23456764	0.01258621
24.74506187	0.01275142
25.12988091	0.01289268
25.52046394	0.01301543
26.01563072	0.01333777
26.73045444	0.01363898
27.45179272	0.01393013
28.16116428	0.01412808
28.87237835	0.01431907
29.39854813	0.01440589
29.75601006	0.01447516
30.09104633	0.01451244
30.42613506	0.0145793
30.786479	0.01458489
31.16336346	0.01464168
31.51830006	0.01467555
31.85959435	0.01471195
32.38904953	0.01476987
32.91674805	0.01479932
33.27641487	0.01481715
33.63144875	0.01485231
33.99571037	0.01487635
34.37210655	0.01490324
34.71542549	0.01491242
35.06936836	0.0149453
35.4426899	0.01496323
35.79622841	0.01498239
36.13403702	0.01500119
36.49493027	0.0150181
37.05188179	0.01504341
37.58238411	0.01505381
37.92430687	0.01506185
38.45563126	0.01506362
39.17016983	0.01505594
39.71571159	0.01506082
40.09047318	0.01504494
40.46601677	0.01506229
40.81364441	0.01505323
41.14156914	0.01502978
41.5015831	0.01502552
42.0414238	0.01500237
42.5725975	0.01497264
43.12940598	0.01494172
43.67439651	0.01492457
44.01248741	0.01490516
44.38242912	0.01488377
44.75741768	0.01483621
45.10548592	0.0148191
45.44752884	0.01480752
45.84591675	0.01476153
46.25065041	0.01473496
46.60309219	0.01472359
46.94851494	0.01469971
47.31359482	0.0146718
47.68922424	0.01461872
48.06557465	0.01460899
48.45068741	0.01457433
48.81996727	0.01455962
49.35918617	0.01449049
50.04093361	0.01444382
50.73722267	0.0143781
51.46746445	0.01429163
52.19428825	0.01426029
52.73186111	0.01422326
53.12295532	0.01420238
53.68518639	0.01414136
54.20247459	0.01410327
54.5677681	0.01405181
54.93580627	0.01406081
55.29191017	0.01402981
55.6402092	0.0139915
55.98652077	0.01397582
56.37816048	0.01395177
56.7890377	0.01392123
57.1795578	0.01386259
57.53893661	0.01386576
57.89653587	0.01382494
58.28002739	0.01381623
58.63697433	0.01377619
58.97309113	0.01374963
59.35687828	0.01373935
59.74331665	0.01371071
60.0884285	0.0136662
60.61511993	0.01363626
61.38056564	0.01358465
62.16664886	0.01353402
62.75494003	0.01348957
63.36644173	0.01345571
64.12230301	0.01340966
64.81168747	0.01333929
65.33071518	0.01332948
65.93953323	0.01326545
66.68692398	0.01323614
67.37007141	0.01317072
68.0662117	0.01312994
68.60236359	0.01310402
69.01029968	0.01306306
69.38794708	0.013043
69.72766495	0.0130252
70.11888885	0.01300162
70.52441025	0.01295136
70.88884354	0.01295954
71.22920227	0.01291189
71.59321213	0.01289113
72.02581406	0.01284677
72.42978287	0.01283821
72.76622009	0.01279771
73.12302017	0.01279596
73.50577164	0.01276122
73.87260818	0.0127454
74.23352051	0.01271393
74.61615753	0.01269355
75.17009735	0.01263684
75.69609451	0.01262159
76.04299927	0.01260532
76.42258835	0.01254411
76.79969788	0.01255404
77.14870834	0.01251345
77.49970627	0.01249511
77.87581253	0.0124601
78.273983	0.01244063
78.84083557	0.01237968
79.41517639	0.01234917
80.00596237	0.0123078
80.76184082	0.01226513
81.58202362	0.01220613
82.19672012	0.01219106
82.5316658	0.01215446
82.89538193	0.01213896
83.22384262	0.01211445
83.78932953	0.01204448
84.41168594	0.01203741
84.78142548	0.01198932
85.13320541	0.01196773
85.47880554	0.01194137
86.07136154	0.01188283
86.68834686	0.01185408
87.06244659	0.01184826
87.45875931	0.01180513
87.85451889	0.01179119
88.21680069	0.01175503
88.59936142	0.01172759
88.97612381	0.01172004
89.35379028	0.01168525
89.73461914	0.01164027
90.30143356	0.01160074
91.069561	0.01153771
91.80920029	0.01148857
92.37325668	0.01146574
92.94874573	0.01142303
93.49782181	0.01138322
93.88450623	0.01134495
94.27399826	0.01134255
94.64427185	0.01129323
95.03920364	0.01127626
95.4954071	0.0112433
96.10936737	0.0112033
96.7039299	0.01117229
97.13385773	0.01116574
97.58251953	0.01113869
98.00215149	0.01111251
98.53089523	0.01104504
99.10495377	0.01102768
99.68157959	0.01095663
100.4249992	0.01091722
101.1743393	0.01084463
101.8738708	0.01081683
102.4357529	0.01077042
102.8474731	0.01077055
103.2220917	0.01073462
103.6363106	0.01068943
104.2415886	0.01064696
104.802803	0.01061249
105.1892967	0.01060514
105.5786934	0.01057407
105.9837608	0.0105532
106.3869629	0.0105335
106.7689629	0.01050136
107.1942177	0.01048986
107.7761192	0.01042369
108.5373688	0.01035972
109.3048668	0.01031937
110.0661659	0.01027829
110.6486969	0.01024316
111.0257187	0.01022888
111.4020271	0.01020376
111.7905464	0.01018318
112.3648911	0.01014109
112.9222908	0.01011526
113.3423462	0.01007214
113.7595558	0.01006454
114.1577377	0.01003521
114.5471535	0.01001832
114.9457207	0.00998929
115.5633316	0.00994268
116.3309441	0.00988522
116.905674	0.0098603
117.2966461	0.00984908
117.6609612	0.00981462
118.019577	0.00979582
118.4389572	0.00977305
118.8516045	0.0097301
119.3943329	0.00970806
119.9880295	0.0096687
120.3995171	0.00963788
120.7727737	0.00960836
121.1343422	0.00961201
121.5540428	0.00956771
122.0081139	0.00954279
122.6047096	0.00952723
123.3920555	0.00947927
124.200634	0.00942507
124.8214111	0.00941047
125.2272568	0.00938539
125.5986671	0.00934508
125.9714203	0.00934461
126.3581276	0.00932061
126.747139	0.00930157
127.1253204	0.00927931
127.5346146	0.0092507
128.1359978	0.00921343
128.684166	0.00917819
129.0479813	0.00917292
129.6314087	0.00911504
130.4184875	0.0090821
131.2171402	0.00902276
131.9831696	0.00898916
132.5236053	0.00896947
132.9102249	0.0089485
133.2992477	0.00891618
133.6717453	0.00891867
134.0592422	0.00889788
134.6489334	0.00885486
135.2294006	0.00881596
135.7988663	0.00877735
136.5999069	0.00873802
137.2421875	0.00873388
137.643219	0.00871369
138.077652	0.008674
138.5095825	0.00867042
138.8656006	0.00865682
139.2441025	0.00863426
139.6196518	0.0085918
140.0199127	0.00857047
140.4090195	0.00856715
140.765625	0.00855808
141.1583328	0.00852965
141.5510941	0.0085191
142.1082001	0.00846318
142.8651505	0.00844158
143.4460526	0.00842186
143.8151016	0.00839201
144.2157822	0.00836774
144.8597488	0.00834999
145.4713898	0.00832133
145.8423309	0.00829869
146.4316559	0.00827716
147.0155563	0.00824481
147.5836639	0.00822308
148.3916473	0.00818021
149.2127457	0.00813289
149.819809	0.00812761
150.1965027	0.00810783
150.5495758	0.00809417
150.9562683	0.00808017
151.3616028	0.0080471
151.7207413	0.0080435
152.1101761	0.00802785
152.5179062	0.00799017
152.9413757	0.00797693
153.3477097	0.00797115
153.9024658	0.007941
154.6924973	0.00789861
155.2839584	0.00788845
155.8598633	0.00784878
156.446373	0.00783639
156.8098373	0.00781495
157.3930359	0.00779486
158.0087051	0.00777647
158.4265442	0.00775944
158.8057098	0.00774234
159.3739929	0.00769182
160.1535873	0.00768305
160.7590714	0.00766
161.1756058	0.00763533
161.5508423	0.00763323
161.9115829	0.00761882
162.2938309	0.00760181
162.7027588	0.00756827
163.0969009	0.00756357
163.4613876	0.00754567
163.8593979	0.00751776
164.3012161	0.00750794
164.8924713	0.00747503
165.6397095	0.00744436
166.2027206	0.00742693
166.5786285	0.00741346
166.9442673	0.00740596
167.3283997	0.00738923
167.7242889	0.00738557
168.0973129	0.00735551
168.4691315	0.00734129
168.8451538	0.00732885
169.2442856	0.00733068
169.8367691	0.00730116
170.6165619	0.00725492
171.2036133	0.00724495
171.5809097	0.00722703
171.9560394	0.00722601
172.3491516	0.00721626
172.7422943	0.00720412
173.347908	0.00715604
173.9694672	0.00716192
174.3596497	0.00713314
174.9625168	0.00710314
175.7745972	0.00707117
176.355484	0.00705997
176.7207413	0.00705265
177.110672	0.00705064
177.5343018	0.00701536
178.1585312	0.00699505
178.7949371	0.00698037
179.4381027	0.006972
180.25914	0.00693273
180.8465881	0.0069139
181.4267502	0.00689494
182.2227325	0.00686051
182.8067627	0.0068672
183.172821	0.00685494
183.5733871	0.00684047
183.9936295	0.00682431
184.5815659	0.00679191
185.3390884	0.00675476
185.906929	0.00675759
186.2824249	0.00674883
186.8469009	0.0067269
187.4579086	0.00671613
187.864357	0.00668959
188.2292786	0.00669264
188.6228409	0.00665838
189.2005615	0.0066538
189.9599457	0.00661115
190.5408478	0.00661618
190.9247589	0.00660527
191.3054733	0.00659619
191.9299088	0.00654994
192.7696075	0.00653906
193.5368271	0.00652795
194.2817154	0.00648797
194.8638458	0.00649134
195.2521133	0.00647394
195.6228638	0.00645652
196.0248032	0.00645093
196.4477692	0.00643314
196.8385849	0.00641741
197.4584274	0.00641396
198.2589722	0.00637599
198.8106918	0.0063706
199.1777191	0.00637104
199.8019104	0.00632692
200.6188126	0.00632721
201.2064362	0.00631883
201.6278381	0.00630789
202.1939087	0.00626696
202.942421	0.00626445
203.5188904	0.00625335
203.8845901	0.00624354
204.2477341	0.00623124
204.6452942	0.00622249
205.0460358	0.00621322
205.4164734	0.0062028
205.8093033	0.0061914
206.3970337	0.00616878
207.2028732	0.00614644
207.8379898	0.00612482
208.2341843	0.00612028
208.5997238	0.0061203
209.012413	0.00611004
209.4320984	0.00610071
209.8293991	0.0060911
210.223938	0.00607334
210.8124466	0.00606272
211.5941238	0.0060286
212.3865738	0.00600986
213.0115356	0.00601217
213.3919296	0.00600403
213.7590714	0.00599555
214.3729248	0.00596053
215.1570511	0.00595471
215.7231674	0.00593805
216.1274414	0.00593092
216.5409927	0.00591297
216.9309158	0.00589366
217.2899246	0.00589133
217.6723785	0.00587648
218.2610397	0.00588141
219.0683746	0.00586045
219.7024612	0.00585357
220.0948715	0.00583663
220.4729767	0.00582107
220.8592682	0.00582119
221.2544022	0.00581776
221.6465073	0.00580735
222.032959	0.00579867
222.6211777	0.00576059
223.3842239	0.00575453
223.9692001	0.00575132
224.365509	0.00574093
224.7542725	0.0057269
225.1562653	0.00572771
225.5852661	0.00570949
225.9927063	0.00571245
226.5320969	0.00569357
227.293045	0.00566483
228.0670547	0.00564399
228.8421021	0.00564294
229.4388962	0.00562482
229.8442612	0.00560456
230.4241562	0.00560827
231.1893539	0.00557238
231.7951126	0.00555814
232.1854858	0.00555946
232.5747833	0.00554739
232.9640808	0.00555205
233.5654984	0.00554552
234.3591766	0.00552737
235.1453018	0.00551263
235.7396851	0.00550371
236.1169205	0.00549373
236.4939041	0.00548808
236.8874588	0.00548113
237.2785263	0.00547178
237.8308487	0.00545295
238.684082	0.00542091
239.3705292	0.00541974
239.7680511	0.00540946
240.1643753	0.00540434
240.55159	0.00539734
241.1016464	0.00537445
241.8774567	0.00535959
242.4662399	0.00535113
242.8268585	0.00535022
243.188942	0.0053564
243.5772476	0.00534859
243.970787	0.00534283
244.3698044	0.00533532
244.9887466	0.00532128
245.7901306	0.00530529
246.584137	0.00529089
247.2104721	0.00528487
247.6127396	0.00527573
248.2167435	0.00525449
249.0138931	0.00524739
249.7637558	0.00523275
250.3154297	0.00522624
250.6761551	0.00521951
251.279129	0.00520529
252.0555801	0.00519438
252.8100662	0.00517811
253.3859482	0.00516924
253.7670746	0.00516238
254.1421967	0.00515714
254.5430984	0.00513194
255.1742249	0.00513763
255.9554825	0.00510483
256.529068	0.00510303
257.0992889	0.00510248
257.8507996	0.00508926
258.6386871	0.00507627
259.4817352	0.00506034
260.1243286	0.00503363
260.5185547	0.00502757
260.8964691	0.00502455
261.2706451	0.00501602
261.8437347	0.00500466
262.6309509	0.00499036
263.4403381	0.00498879
264.0384979	0.00499244
264.4032898	0.00498636
264.9894409	0.0049738
265.7673187	0.00495457
266.3648529	0.00495475
266.7790222	0.00494635
267.1464844	0.00494217
267.5378571	0.00493591
267.9736786	0.00491143
268.5742493	0.00490708
269.3417206	0.00488592
269.9316406	0.00488215
270.5003662	0.00486649
271.0590363	0.00486205
271.6605682	0.00486437
272.4742889	0.00483495
273.0963745	0.00483288
273.5081329	0.00482516
273.8826599	0.00482049
274.2426758	0.00481587
274.8071747	0.0048029
275.5684204	0.00479058
276.1474609	0.00478938
276.7578583	0.00477187
277.3409271	0.0047667
277.9605408	0.00475634
278.7635498	0.00474683
279.31427	0.00473788
279.7093353	0.0047321
280.1042328	0.00474312
280.4816132	0.00474068
281.0614319	0.0047279
281.8500061	0.00471878
282.439743	0.00471211
283.0479126	0.00470264
283.6599884	0.00469639
284.2133331	0.00468288
284.9707489	0.00465097
285.5476074	0.00465113
285.9416962	0.00464793
286.3631744	0.00465648
286.7968292	0.00463951
287.4047852	0.00463794
288.2216339	0.00462031
288.8376617	0.00462828
289.1991577	0.00462305
289.5675354	0.0046148
289.9385681	0.00459301
290.500885	0.00460373
291.2528687	0.00459509
291.8080139	0.00457414
292.1661377	0.00456618
292.5460815	0.00455952
293.1177979	0.00455628
293.8547516	0.0045544
294.4636536	0.00453908
294.8901062	0.0045307
295.2953949	0.00452332
295.8868103	0.00451809
296.598526	0.00452398
297.140213	0.00452003
297.479599	0.00451875
297.7575836	0.00451658
298.002243	0.0045122
298.2200165	0.0044946
298.4231262	0.00448591
298.5834351	0.00448805
298.7193604	0.00448352
298.8414764	0.00448839
298.9582214	0.00448015
299.063858	0.00447813
299.1577301	0.00447819
299.2402954	0.00447898
299.3192139	0.00447908
299.3963776	0.00447606
299.4573212	0.00448274
299.507019	0.00447376
299.557312	0.00447139
299.6052399	0.00447473
299.6456757	0.0044793
299.6804504	0.00449072
299.7118225	0.00449217
299.7412109	0.00449018
299.7674408	0.00446977
299.7907562	0.00446916
299.8134613	0.00446732
299.8343811	0.00447454
299.8513336	0.00446991
299.8669891	0.00446887
299.8829193	0.00446737
299.8994751	0.00446561
299.9130859	0.00448557
299.9234619	0.00446935
299.9337006	0.00446503
299.9438324	0.00446924
299.9528503	0.00448611
299.9609222	0.004487
299.9718018	0.00448214
299.9818268	0.00447261
299.9871674	0.00446551
299.9920654	0.00446626
299.9967346	0.00446327
300.0028687	0.00446417
300.0083618	0.00446517
300.0113373	0.00446433
300.0140839	0.0044649
