10.00035238	0.00598465
10.31024742	0.00598267
10.83286858	0.00598142
11.31390476	0.0059814
11.68083191	0.00599278
12.02759123	0.00600709
12.35009146	0.00601254
12.70501137	0.00603795
13.08245897	0.00605295
13.44019079	0.00606951
13.7615099	0.00607837
14.07824183	0.00609871
14.62518215	0.0061313
15.34895039	0.00616661
16.07789946	0.00620318
16.8431921	0.00622633
17.57292557	0.00627902
18.28525734	0.00630102
18.99194241	0.00633774
19.67956734	0.00637509
20.37675095	0.00640851
21.09168339	0.00644732
21.66839886	0.00646722
22.0387249	0.00648238
22.34799099	0.0064977
22.66888428	0.00651378
22.99985981	0.00653764
23.3590107	0.00655566
23.71535301	0.00656962
24.05108547	0.00659939
24.39494419	0.00660789
24.76628685	0.00663429
25.12761211	0.00664662
25.4836607	0.00666836
25.86494446	0.00668025
26.23437309	0.00670388
26.58583164	0.00672144
26.92216492	0.00673779
27.250247	0.00676038
27.62371731	0.00678884
28.0055666	0.00679146
28.35723972	0.00682279
28.71936226	0.00684476
29.23690891	0.00687901
29.92148113	0.00692212
30.45619678	0.0069391
30.82233715	0.00696373
31.34895897	0.00699853
31.90043354	0.00703064
32.26708794	0.00704742
32.59566116	0.00707138
32.93085098	0.00709327
33.28830147	0.0071094
33.66453171	0.00713853
34.02078247	0.00716305
34.55405998	0.00719909
35.26506424	0.00726219
35.78089905	0.00727585
36.17352295	0.00729994
36.57181358	0.00731821
36.9052124	0.00734963
37.23500824	0.00737601
37.60934258	0.00739412
38.14159584	0.00744138
38.64212227	0.00746202
39.01827621	0.00749808
39.40185547	0.00752528
39.76493454	0.00754625
40.12363052	0.00757909
40.50542831	0.00759737
40.8890419	0.00763727
41.22994232	0.00766686
41.60157967	0.00767728
42.16169357	0.00775271
42.86322021	0.00780294
43.36688232	0.00784213
43.90974998	0.00790617
44.6268959	0.00795444
45.34089851	0.00801772
46.09680748	0.00809426
46.80847931	0.0081633
47.31917572	0.00819681
47.6878624	0.00823523
48.05701256	0.00827187
48.42152596	0.00829986
48.79736519	0.00833702
49.33210945	0.00841539
49.8910675	0.00845515
50.43227768	0.00853373
50.9381752	0.00857625
51.2804985	0.00862432
51.69682312	0.00865284
52.1055336	0.00869614
52.43564415	0.00874825
52.77127647	0.00879736
53.15471268	0.00883107
53.5580864	0.00888171
53.91204834	0.00893072
54.26154518	0.00896751
54.61824226	0.00902343
54.9914093	0.00907866
55.35954285	0.00911417
55.69636345	0.00916577
56.03730202	0.0092211
56.40188026	0.00925728
56.77396584	0.00932362
57.13474274	0.00937409
57.503685	0.00940989
57.88467598	0.00946703
58.24882698	0.00951434
58.60087967	0.00957574
58.95138359	0.00961916
59.33431625	0.00967383
59.72270393	0.0097124
60.07094002	0.00977597
60.43458939	0.00982288
61.014328	0.00990291
61.76083755	0.01001311
62.50714302	0.01011202
63.24588013	0.01021426
63.76112175	0.01024996
64.14361954	0.01030558
64.7073288	0.01041663
65.427742	0.01050683
65.9756546	0.01055603
66.33036804	0.01060159
66.68546295	0.01065475
67.05955887	0.01070755
67.49157333	0.01076043
67.89319611	0.01079643
68.25571823	0.01085084
68.62197113	0.01089867
69.18927765	0.01098302
69.74890518	0.01103432
70.11474228	0.01107401
70.48680496	0.01109023
70.86440277	0.01113349
71.25040436	0.01116154
71.59949112	0.01118222
72.13965988	0.01123983
72.69078064	0.01126027
73.03990936	0.01126465
73.38595581	0.01128818
73.76290894	0.01130085
74.31938934	0.01130623
74.87414551	0.01131985
75.28094864	0.01131184
75.84073257	0.01128897
76.57072067	0.01127904
77.30400085	0.01125775
77.85573578	0.01124683
78.23487854	0.01122865
78.60168457	0.01120104
79.16387939	0.01118692
79.75621033	0.01115301
80.17147064	0.01114136
80.5787735	0.01112011
80.96110916	0.01109882
81.30315399	0.01109497
81.66801071	0.01106771
82.03941345	0.0110206
82.39097214	0.01101627
82.74622345	0.0109971
83.1284523	0.01097104
83.5116539	0.01094616
83.89339828	0.01091999
84.27610779	0.01090284
84.63510895	0.01088328
85.04521561	0.01085274
85.46041107	0.01081879
85.81218338	0.01080683
86.19688416	0.01076507
86.65848923	0.01074073
87.25416946	0.01069383
88.00060654	0.01064255
88.77057648	0.01059095
89.34502411	0.01056873
89.74554062	0.01053718
90.16160202	0.01050573
90.53217697	0.01048115
90.883255	0.01044845
91.27912903	0.01043726
91.86703491	0.01037872
92.457901	0.01035777
92.88042068	0.01031938
93.28036499	0.0102985
93.65454102	0.01026956
94.2451973	0.01020917
94.84669495	0.01018243
95.21637726	0.01015509
95.56665802	0.01012794
96.14107895	0.0100873
96.88924408	0.01002066
97.65282822	0.00996261
98.27975464	0.00992911
98.70114136	0.00990266
99.07608795	0.0098825
99.47214127	0.00984617
99.87427139	0.0098169
100.2470169	0.00980314
100.6143532	0.00977533
101.2101936	0.00971749
101.8301849	0.00969213
102.2038002	0.00966622
102.5983009	0.00962247
103.0016403	0.00960846
103.3521957	0.00957954
103.7084084	0.00956082
104.1159668	0.00953226
104.5335999	0.00951317
105.0861855	0.00944267
105.855442	0.00939773
106.6435547	0.00934005
107.2144508	0.00931505
107.5905914	0.00928661
107.9597511	0.00926514
108.3228111	0.00923611
108.6785126	0.00921018
109.0675392	0.00918707
109.4452972	0.00917337
110.056572	0.0091219
110.8934669	0.00905926
111.4691811	0.00903475
111.8575974	0.00901229
112.3134003	0.00898385
112.920578	0.00894771
113.6695137	0.00889261
114.235218	0.00887063
114.589325	0.00884277
114.9506989	0.00882166
115.3392715	0.00879969
115.7260284	0.00875251
116.0925407	0.00873705
116.4583511	0.00873095
116.8504257	0.00870572
117.4366112	0.00865498
118.0213814	0.0086268
118.435894	0.00861173
118.8571053	0.00857696
119.2526703	0.00855959
119.6392517	0.00854099
120.2361794	0.00849789
120.9960518	0.00844992
121.5718536	0.00842972
121.9859543	0.0084074
122.3686218	0.00838603
122.7535477	0.0083607
123.1615295	0.00834985
123.7495575	0.00830027
124.3146591	0.00827726
124.903965	0.00823217
125.494873	0.00820257
125.8564186	0.00819736
126.2465744	0.00817315
126.640995	0.00815036
127.1984634	0.0081195
127.9776115	0.00807298
128.5717316	0.00805142
129.1652832	0.00801373
129.7745743	0.00799575
130.1644135	0.00797278
130.7573853	0.00792536
131.4036255	0.00791319
132.0339813	0.00787092
132.5954742	0.00785479
132.9728394	0.00783535
133.5476227	0.00779119
134.3295288	0.00775973
134.9161682	0.00773893
135.4967804	0.00770601
136.1158295	0.00768292
136.5148392	0.00766217
136.8727646	0.00764364
137.228035	0.00763016
137.7977982	0.0075921
138.4082336	0.00757631
138.8125153	0.00755392
139.2255173	0.00754192
139.6360245	0.00751736
140.2092514	0.00748507
141.0454865	0.00745448
141.7086792	0.00744068
142.1122971	0.00742002
142.50383	0.00740014
142.8831177	0.00738516
143.2282257	0.00736278
143.5854187	0.00734651
143.9619446	0.0073359
144.5276794	0.00729612
145.078186	0.00728417
145.4388199	0.00726218
146.0286789	0.00724412
146.7937927	0.00719644
147.5487061	0.00716832
148.1437912	0.00715192
148.5219116	0.00714379
148.9117203	0.00712101
149.3082428	0.00711085
149.8878937	0.00707692
150.5154343	0.00706384
150.9509888	0.00704518
151.3377457	0.00702939
151.9269638	0.00700246
152.7134247	0.00696816
153.2730408	0.00695903
153.6757889	0.00693928
154.0879364	0.00692981
154.4534683	0.00690885
154.8355408	0.00689645
155.244133	0.00688057
155.6526413	0.00686925
156.044838	0.00685505
156.4076309	0.00684552
156.7659073	0.00682789
157.3439484	0.00679821
158.127388	0.00676568
158.8915253	0.00674382
159.4539642	0.00673257
159.8312149	0.00670826
160.2489243	0.0066986
160.6637421	0.00669315
161.036026	0.00667208
161.4364777	0.00665708
161.8697357	0.00664437
162.4754562	0.0066196
163.2515717	0.00659293
163.8243027	0.00658271
164.2210617	0.00657669
164.6110611	0.00655704
164.9932632	0.00654665
165.3897324	0.00652406
165.763176	0.00652064
166.1295853	0.00650059
166.5436249	0.00649164
167.1756516	0.00646376
167.9667206	0.00644168
168.7257309	0.00641165
169.2780838	0.00639961
169.6702118	0.0063874
170.086853	0.00637936
170.4735565	0.00637172
170.8549118	0.00635275
171.239624	0.0063483
171.6312637	0.00633387
172.0318375	0.0063207
172.4281693	0.00631076
173.0248566	0.00627839
173.8111496	0.00626323
174.4064789	0.00624277
174.8118057	0.00622806
175.381752	0.00621164
175.9547577	0.00619651
176.3688126	0.00618352
176.761879	0.00617893
177.1348877	0.00616444
177.745575	0.00613692
178.5712357	0.00611679
179.1519852	0.00610667
179.5204086	0.0060967
179.9139709	0.00608616
180.3303375	0.0060721
180.7343674	0.00605727
181.1092834	0.00605249
181.5197296	0.00603968
181.9294968	0.00603102
182.2960434	0.00601393
182.8897781	0.00599578
183.7128601	0.00597316
184.3042145	0.00596855
184.6873932	0.00595429
185.0818939	0.00594531
185.4637527	0.00593241
185.8608093	0.00592658
186.2476044	0.00591127
186.6495514	0.00590108
187.0620804	0.00589282
187.6543503	0.00587469
188.4499969	0.00584807
189.018013	0.00584332
189.3735657	0.00583606
189.76371	0.0058224
190.1553726	0.00581523
190.5447998	0.00580619
190.956604	0.00579372
191.3693008	0.00578348
191.9642334	0.00576083
192.737236	0.0057433
193.3412247	0.00573066
193.9275742	0.00571989
194.5359039	0.00570513
195.169838	0.00568277
195.7343063	0.00567085
196.1504898	0.00567167
196.7566376	0.00565056
197.5494385	0.00562983
198.175293	0.00562439
198.5506058	0.00560976
198.9156265	0.00560452
199.4989929	0.00558559
200.0690308	0.00557943
200.414566	0.00556837
201.0066376	0.00555083
201.7865906	0.00553149
202.3725815	0.00552016
202.7804871	0.00551363
203.1547852	0.00550834
203.7079544	0.00548715
204.2772751	0.00548192
204.8598099	0.00546186
205.6295242	0.00544032
206.2306213	0.00543441
206.8321381	0.00541456
207.4437637	0.00541214
207.8439407	0.00540314
208.2363892	0.00539608
208.6256943	0.00538686
209.2224884	0.00536663
210.0190353	0.00535188
210.6073151	0.00534176
210.9967194	0.00533604
211.3878021	0.00532807
211.7982712	0.00532017
212.2098618	0.00530727
212.6218491	0.0053
213.1864929	0.00528897
214.0194626	0.00526994
214.8676376	0.00525284
215.661499	0.00523691
216.2945633	0.0052267
216.705101	0.00522242
217.0920639	0.00521463
217.6508484	0.00519648
218.3905563	0.0051807
218.9478302	0.00517049
219.3077545	0.00516712
219.6674347	0.00516191
220.0541229	0.00515171
220.4652252	0.00514242
220.8538132	0.00513266
221.4013214	0.00511948
222.2422791	0.00510788
222.8948975	0.00509863
223.2667694	0.00508893
223.912384	0.00507177
224.5354843	0.00506763
225.1357498	0.00505578
225.935997	0.00504059
226.4790421	0.00503086
226.8484421	0.00502139
227.2315903	0.0050197
227.5876083	0.00501088
227.9403	0.00500796
228.327507	0.00499357
228.8974991	0.00497915
229.6541061	0.00496669
230.2332077	0.00495951
230.6051636	0.0049523
230.9766312	0.00494724
231.6180496	0.00493255
232.3069153	0.00492408
232.9009323	0.00491206
233.6501846	0.0048987
234.2376938	0.00489682
234.6589737	0.00488163
235.0613861	0.00487516
235.6503448	0.0048636
236.4749756	0.00485065
237.2565994	0.00483728
238.0209122	0.0048207
238.5972214	0.0048202
238.9565659	0.00481819
239.3346176	0.00481024
239.7362595	0.0048009
240.3304825	0.0047853
241.1221619	0.00477599
241.7053299	0.00476845
242.0853729	0.00476013
242.4888153	0.00475376
242.8962326	0.00474677
243.2789078	0.00473984
243.8454285	0.00472581
244.6406403	0.00471824
245.2481766	0.00470845
245.627739	0.00470085
246.012291	0.00469698
246.5837097	0.00468686
247.3342972	0.00467612
248.1090546	0.0046619
248.6871872	0.00466061
249.060379	0.00465151
249.4572601	0.00464292
249.854805	0.00463914
250.2792511	0.00463586
250.9118576	0.00461968
251.6828766	0.00460736
252.4478607	0.00459336
253.233696	0.00458609
254.0165405	0.00457113
254.7887268	0.00456482
255.3586655	0.00455655
255.7545395	0.00455244
256.1734085	0.00454586
256.5643463	0.00453653
257.1660156	0.00452565
257.9630585	0.00451436
258.7276611	0.00450545
259.3245392	0.00449663
259.7199402	0.00449555
260.0910339	0.00448753
260.6912231	0.00447809
261.4758301	0.00446573
262.0539246	0.00446009
262.4607086	0.00445386
262.850296	0.00444959
263.2218475	0.00444405
263.5899353	0.0044398
264.2153778	0.0044295
265.0332489	0.00442038
265.8046265	0.0044066
266.379715	0.00440161
266.7749939	0.00439717
267.4105682	0.0043872
268.1977997	0.00437398
268.7836456	0.00436817
269.3721771	0.00435992
269.9243774	0.00435084
270.5516205	0.00434528
271.4177246	0.00433544
272.2107086	0.00432373
272.7632294	0.00431857
273.1476135	0.00431577
273.7307281	0.00430568
274.4927673	0.00429487
275.2587738	0.00428228
276.0176239	0.00427151
276.800766	0.00426374
277.5937653	0.00425405
278.3729248	0.00424368
278.9541473	0.00423875
279.3239899	0.00423319
279.9293671	0.00422663
280.7225952	0.00421366
281.4892883	0.00420631
282.0763092	0.0042014
282.4927521	0.00419355
283.1145935	0.00418684
283.8806152	0.00417673
284.4518585	0.0041721
285.0396423	0.0041624
285.6482391	0.00415865
286.2520447	0.00415103
287.0182648	0.00414314
287.5911407	0.00413814
287.977417	0.00413027
288.3868103	0.00412778
288.9906464	0.00412133
289.7719574	0.00411157
290.3360443	0.00410632
290.690918	0.00410299
291.0933075	0.0040977
291.5034485	0.00409524
291.8830109	0.00409266
292.454361	0.00408162
293.218689	0.0040744
293.9998474	0.00406695
294.7625427	0.00405748
295.4945831	0.00404876
296.0601044	0.00404196
296.61763	0.00403824
297.1414948	0.00403148
297.4821777	0.00403206
297.8919678	0.00402631
298.2199707	0.00402199
298.4124908	0.0040196
298.5861664	0.00401716
298.721344	0.00401604
298.9116211	0.00401437
299.1245117	0.00401182
299.248291	0.00400832
299.3227386	0.00400754
299.3906097	0.00400794
299.4482574	0.00400793
299.508255	0.00400599
299.5861816	0.00400558
299.6654053	0.00400352
299.7131805	0.00400259
299.7417755	0.00400265
299.769577	0.00400246
299.7945862	0.00400472
299.8174438	0.0039993
299.8368378	0.00400542
299.85495	0.00400121
299.8715515	0.00400253
299.8937531	0.00400047
299.9139252	0.00400047
299.9242096	0.0040014
299.9385986	0.00400303
299.9515076	0.00399994
299.9589081	0.00400246
299.9694977	0.00400054
299.9788513	0.00399769
299.9862671	0.00400013
299.9960327	0.00399994
300.0024567	0.00399684
300.0061646	0.00400014
300.0095978	0.00400104
300.0121918	0.00399924
